file,IMSBS-1000_heuristic-h5_imbs-iters-500_num-roots-10,IMSBS-2000_heuristic-h5_imbs-iters-500_num-roots-10,IMSBS-500_heuristic-h5_imbs-iters-100_num-roots-10,IMSBS-500_heuristic-h5_imbs-iters-500_num-roots-10,LIMSBS-1000_imbs-iters-500_num-roots-10_U5_5_5_A1_F3,LIMSBS-1000_imbs-iters-500_num-roots-10_U5_5_5_A2_F1,LIMSBS-2000_imbs-iters-500_num-roots-10_U5_5_5_A2_F1,LIMSBS-500_imbs-iters-500_num-roots-10_U10_5_5_A2_F3,LIMSBS-500_imbs-iters-500_num-roots-10_U5_5_5_A1_F3,LIMSBS-500_imbs-iters-500_num-roots-10_U5_5_5_A2_F1,learning_U10_10_10_A1_F1,learning_U10_10_10_A1_F2,learning_U10_10_10_A1_F3,learning_U10_10_10_A2_F1,learning_U10_10_10_A2_F2,learning_U10_10_10_A2_F3,learning_U10_10_10_A3_F1,learning_U10_10_10_A3_F2,learning_U10_10_10_A3_F3,learning_U10_10_5_A1_F1,learning_U10_10_5_A1_F2,learning_U10_10_5_A1_F3,learning_U10_10_5_A2_F1,learning_U10_10_5_A2_F2,learning_U10_10_5_A2_F3,learning_U10_10_5_A3_F1,learning_U10_10_5_A3_F2,learning_U10_10_5_A3_F3,learning_U10_10_A1_F1,learning_U10_10_A1_F2,learning_U10_10_A1_F3,learning_U10_10_A2_F1,learning_U10_10_A2_F2,learning_U10_10_A2_F3,learning_U10_10_A3_F1,learning_U10_10_A3_F2,learning_U10_10_A3_F3,learning_U10_5_5_A1_F1,learning_U10_5_5_A1_F2,learning_U10_5_5_A1_F3,learning_U10_5_5_A2_F1,learning_U10_5_5_A2_F2,learning_U10_5_5_A2_F3,learning_U10_5_5_A3_F1,learning_U10_5_5_A3_F2,learning_U10_5_5_A3_F3,learning_U10_5_A1_F1,learning_U10_5_A1_F2,learning_U10_5_A1_F3,learning_U10_5_A2_F1,learning_U10_5_A2_F2,learning_U10_5_A2_F3,learning_U10_5_A3_F1,learning_U10_5_A3_F2,learning_U10_5_A3_F3,learning_U5_5_5_A1_F1,learning_U5_5_5_A1_F2,learning_U5_5_5_A1_F3,learning_U5_5_5_A2_F1,learning_U5_5_5_A2_F2,learning_U5_5_5_A2_F3,learning_U5_5_5_A3_F1,learning_U5_5_5_A3_F2,learning_U5_5_5_A3_F3,learning_U5_5_A1_F1,learning_U5_5_A1_F2,learning_U5_5_A1_F3,learning_U5_5_A2_F1,learning_U5_5_A2_F2,learning_U5_5_A2_F3,learning_U5_5_A3_F1,learning_U5_5_A3_F2,learning_U5_5_A3_F3,learning_basic_imsbs,learning_imsbs
mglcs_10_100_2_0.txt.out,11,11,7,11,12,11,11,13,13,11,9,11,10,11,10,9,10,9,11,9.0,11,10,11.0,11,10,9.0,11.0,9,7,7,7,7,7,7,7,7,7,11,9,10,10,10,11,9,10,10,7,7,7,7,7,7,7,7,7,9,11,11,11,11,11,10,11,9,7,7,7,7,7,7,7,7,7,7,7
mglcs_10_100_2_1.txt.out,9,9,8,9,9,9,9,9,9,9,9,9,9,8,8,9,9,9,9,9.0,9,8,9.0,8,8,9.0,9.0,8,8,8,8,8,8,8,8,8,8,8,9,8,9,9,9,8,9,9,8,8,8,8,8,8,8,8,8,9,9,9,8,8,8,9,9,9,8,8,8,8,8,8,8,8,8,8,8
mglcs_10_100_2_2.txt.out,9,9,8,9,10,9,9,10,9,9,8,8,8,8,9,9,9,8,9,10.0,8,8,8.0,8,10,10.0,8.0,9,8,8,8,8,8,8,8,8,8,10,9,10,8,8,10,10,10,8,8,8,8,8,8,8,8,8,8,8,9,8,8,8,9,8,8,8,8,8,8,8,8,8,8,8,8,8,8
mglcs_10_100_2_3.txt.out,14,14,9,14,13,14,14,16,13,14,13,11,13,13,12,13,14,13,11,13.0,13,13,12.0,13,13,13.0,12.0,11,9,9,9,9,9,9,9,9,9,13,13,11,13,13,13,13,14,13,9,9,9,9,9,9,9,9,9,12,14,12,12,13,11,11,12,13,9,9,9,9,9,9,9,9,9,9,9
mglcs_10_100_2_4.txt.out,12,12,12,12,10,12,12,12,10,12,10,10,10,10,10,12,12,10,10,10.0,10,10,10.0,9,10,10.0,10.0,11,12,12,12,12,12,12,12,12,12,10,10,10,10,10,12,10,10,10,12,12,12,12,12,12,12,12,12,10,9,10,10,12,11,10,12,10,12,12,12,12,12,12,12,12,12,12,12
mglcs_10_100_2_5.txt.out,11,11,10,11,11,11,11,10,11,11,10,9,9,10,10,9,10,10,8,9.0,8,9,9.0,10,8,9.0,11.0,10,10,10,10,10,10,10,10,10,10,8,9,8,10,10,10,9,10,9,10,10,10,10,10,10,10,10,10,10,11,9,9,10,9,10,10,10,10,10,10,10,10,10,10,10,10,10,10
mglcs_10_100_2_6.txt.out,8,8,8,8,9,8,8,10,10,8,8,9,8,8,8,8,8,8,8,8.0,8,8,8.0,8,8,8.0,8.0,7,8,8,8,8,8,8,8,8,8,8,8,8,8,8,8,8,8,8,8,8,8,8,8,8,8,8,8,8,8,8,8,9,8,8,9,8,8,8,8,8,8,8,8,8,8,8,8
mglcs_10_100_2_7.txt.out,11,11,8,11,12,11,11,11,12,11,8,9,9,9,11,8,9,9,9,9.0,8,9,9.0,9,9,9.0,9.0,8,8,8,8,8,8,8,8,8,8,11,9,11,8,11,9,9,9,9,8,8,8,8,8,8,8,8,8,9,8,9,11,11,11,9,8,9,8,8,8,8,8,8,8,8,8,8,8
mglcs_10_100_2_8.txt.out,10,10,9,10,11,10,10,9,10,10,9,9,8,9,9,11,11,9,8,9.0,9,9,9.0,9,9,9.0,9.0,7,10,10,10,10,10,10,9,9,9,9,11,9,9,9,9,11,8,8,9,10,10,10,9,10,10,9,10,9,9,9,9,8,10,9,9,8,10,10,10,9,10,10,10,10,9,9,10
mglcs_10_100_2_9.txt.out,9,9,7,9,10,9,9,10,10,9,8,8,8,9,8,8,8,8,10,8.0,8,8,8.0,10,8,8.0,8.0,9,7,7,7,7,7,7,7,7,7,9,8,10,8,9,10,10,9,10,7,7,7,7,7,7,7,7,7,9,8,7,9,10,9,8,9,8,7,7,7,7,7,7,7,7,7,7,7
mglcs_10_100_4_0.txt.out,5,5,4,5,10,5,5,8,9,5,7,8,6,9,7,5,7,7,6,7.0,8,6,6.0,8,9,7.0,7.0,7,4,4,4,4,4,4,4,4,4,6,7,6,6,6,7,7,6,6,4,4,4,4,4,4,4,4,4,8,7,7,7,9,7,8,7,7,4,4,4,4,4,4,4,4,4,4,4
mglcs_10_100_4_1.txt.out,6,6,6,6,7,6,6,7,7,6,6,6,6,7,6,6,6,6,6,6.0,6,6,6.0,6,6,6.0,6.0,7,6,6,6,6,6,6,6,6,6,6,6,6,6,6,6,6,6,6,6,6,6,6,6,6,6,6,6,6,6,6,6,6,7,7,6,6,6,6,6,6,6,6,6,6,6,6,6
mglcs_10_100_4_2.txt.out,7,7,6,7,10,7,7,10,10,7,6,7,7,10,9,8,8,9,7,6.0,8,8,7.0,7,7,9.0,7.0,10,6,6,6,6,6,6,6,6,6,8,7,9,6,6,7,6,7,7,6,6,6,6,6,6,6,6,6,9,7,6,8,8,8,6,7,7,6,6,6,6,6,6,6,6,6,6,6
mglcs_10_100_4_3.txt.out,7,7,5,7,11,7,7,12,10,7,8,12,9,9,9,9,8,12,10,8.0,9,9,9.0,7,9,8.0,10.0,9,6,6,6,6,6,6,6,6,6,10,9,7,8,8,8,8,9,8,6,6,6,6,6,6,6,6,6,9,7,7,10,9,7,8,8,8,6,6,6,6,6,6,6,6,6,5,6
mglcs_10_100_4_4.txt.out,8,8,8,8,8,8,8,8,8,8,7,8,8,7,8,8,7,7,8,7.0,8,8,8.0,8,8,7.0,8.0,8,8,8,8,8,8,8,8,8,8,7,8,7,8,8,8,7,7,8,8,8,8,8,8,8,8,8,8,8,8,8,8,7,8,8,8,8,8,8,8,8,8,8,8,8,8,8,8
mglcs_10_100_4_5.txt.out,7,7,7,7,7,7,7,8,8,7,7,6,6,7,6,6,6,6,8,6.0,6,6,7.0,7,7,6.0,7.0,6,7,7,7,7,7,7,7,7,7,7,6,6,8,6,7,6,8,8,7,7,7,7,7,7,7,7,7,7,6,6,7,6,7,6,7,8,7,7,7,7,7,7,7,7,7,7,7
mglcs_10_100_4_6.txt.out,7,7,7,7,9,7,7,8,8,7,7,7,7,6,8,7,7,6,7,6.0,8,7,7.0,6,7,6.0,7.0,6,7,7,7,7,7,7,7,7,7,8,7,6,7,8,7,7,7,7,7,7,7,7,7,7,7,7,7,7,7,7,8,7,7,8,7,7,7,7,7,7,7,7,7,7,7,7,7
mglcs_10_100_4_7.txt.out,9,9,5,9,8,9,9,9,9,9,7,7,9,9,7,8,8,7,7,6.0,8,8,6.0,7,8,6.0,7.0,8,5,5,5,5,5,5,5,5,5,8,9,7,9,6,7,9,6,7,5,5,5,5,5,5,5,5,5,5,9,9,8,6,9,5,6,9,5,5,5,5,5,5,5,5,5,5,5
mglcs_10_100_4_8.txt.out,6,6,6,6,9,6,6,8,9,6,7,6,5,6,6,6,6,7,6,6.0,6,6,7.0,7,6,6.0,6.0,5,5,5,6,6,5,5,5,6,6,6,6,7,6,6,6,7,7,6,6,5,6,5,6,6,5,6,5,6,8,6,6,6,7,5,7,6,5,5,5,5,5,5,5,6,5,6,6
mglcs_10_100_4_9.txt.out,8,8,8,8,9,8,8,9,10,8,7,8,7,9,8,9,8,9,7,7.0,8,9,7.0,8,7,8.0,7.0,10,8,8,8,8,8,8,8,8,8,9,8,9,7,8,7,8,7,7,8,8,8,8,8,8,8,8,8,7,7,7,9,9,8,7,8,7,8,8,8,8,8,8,8,8,8,8,8
mglcs_10_200_2_0.txt.out,9,9,6,9,9,9,9,9,8,9,6,7,6,7,6,6,6,6,6,7.0,6,6,6.0,7,8,6.0,6.0,8,6,6,6,6,6,6,6,6,6,7,6,6,6,8,6,7,6,6,6,6,6,6,6,6,6,6,6,6,6,7,7,6,6,7,7,6,6,6,6,6,6,6,6,6,6,6,6
mglcs_10_200_2_1.txt.out,8,8,8,8,12,8,8,12,12,8,12,12,10,8,9,8,12,10,10,8.0,8,12,10.0,12,12,12.0,12.0,12,8,8,8,8,8,8,8,8,8,12,10,9,10,12,12,9,12,10,8,8,8,8,8,8,8,8,8,10,12,10,12,9,10,10,12,12,8,8,8,8,8,8,8,8,8,8,8
mglcs_10_200_2_2.txt.out,11,11,10,11,10,11,11,10,10,11,10,12,10,10,10,10,10,10,11,10.0,10,10,10.0,10,10,10.0,10.0,10,10,10,10,10,10,10,10,10,10,10,10,10,10,10,10,10,10,10,10,10,10,10,10,10,10,10,10,10,10,10,12,10,10,10,10,10,10,10,10,10,10,10,10,10,10,10,10
mglcs_10_200_2_3.txt.out,10,10,10,10,12,10,10,10,10,10,10,10,10,10,10,10,10,10,10,10.0,10,10,10.0,10,10,10.0,10.0,10,10,10,10,10,10,10,10,10,10,10,10,10,10,10,10,10,10,10,10,10,10,10,10,10,10,10,10,10,10,10,10,10,10,10,9,10,10,10,10,10,10,10,10,10,10,10,10
mglcs_10_200_2_4.txt.out,13,13,13,13,13,13,13,13,13,13,13,13,13,13,13,13,13,13,13,13.0,13,13,13.0,13,13,13.0,13.0,13,13,13,13,13,13,13,13,13,13,13,13,13,13,13,13,13,13,13,13,13,13,13,13,13,13,13,13,13,13,13,13,13,13,13,13,13,13,13,13,13,13,13,13,13,13,13,13
mglcs_10_200_2_5.txt.out,12,12,12,12,14,12,12,12,14,12,11,11,10,12,11,12,11,12,9,11.0,10,12,11.0,11,11,12.0,11.0,11,12,12,12,12,12,12,12,12,12,12,12,11,11,11,10,12,10,11,11,12,12,12,12,12,12,11,12,11,11,11,12,12,12,11,11,11,12,12,12,11,12,12,12,12,12,12,12
mglcs_10_200_2_6.txt.out,11,11,11,11,11,11,11,11,11,11,11,10,11,11,11,11,11,11,12,11.0,10,10,11.0,10,10,11.0,11.0,11,11,11,11,11,11,11,11,11,11,10,11,11,11,11,11,11,11,11,11,11,11,11,11,11,11,11,11,12,11,11,10,11,11,10,11,11,11,11,11,11,11,11,11,11,11,11,11
mglcs_10_200_2_7.txt.out,12,12,10,12,11,12,12,14,13,12,10,10,10,14,10,14,9,10,14,14.0,10,10,10.0,10,10,10.0,14.0,10,10,10,10,10,10,10,10,10,10,10,10,11,10,11,11,10,14,10,10,10,10,10,10,10,10,10,10,10,14,10,10,10,14,14,14,10,10,10,10,10,10,10,10,10,10,10,10
mglcs_10_200_2_8.txt.out,19,19,14,19,19,19,19,17,19,19,19,13,15,17,19,14,14,15,16,13.0,14,19,13.0,19,13,15.0,15.0,17,14,14,14,14,14,14,14,14,14,15,13,14,14,17,13,17,15,15,14,14,14,14,14,14,14,14,14,15,17,17,19,13,13,19,16,19,14,14,14,14,14,14,14,14,14,14,14
mglcs_10_200_2_9.txt.out,9,9,9,9,10,9,9,9,10,9,9,9,9,9,9,9,9,9,9,9.0,9,9,9.0,9,9,9.0,9.0,9,9,9,9,9,9,9,9,9,9,9,9,9,9,9,9,9,9,9,9,9,9,9,9,9,9,9,9,9,9,9,9,9,9,9,9,9,9,9,9,9,9,9,9,9,9,9,9
mglcs_10_200_4_0.txt.out,6,6,5,6,7,6,6,8,9,6,6,8,7,7,7,6,6,7,6,5.0,7,6,6.0,7,7,7.0,6.0,7,5,5,5,5,5,5,5,5,5,7,6,7,7,7,6,7,6,6,5,5,5,5,5,5,5,5,5,6,7,6,7,8,8,7,6,6,5,5,5,5,5,5,5,5,5,5,5
mglcs_10_200_4_1.txt.out,6,6,6,6,6,6,6,7,7,6,5,6,6,5,5,5,6,5,5,5.0,5,5,5.0,6,5,5.0,5.0,5,6,6,6,6,6,6,6,6,6,5,6,5,5,5,6,6,5,6,6,6,6,6,6,6,6,6,6,6,6,5,5,5,5,5,6,5,6,6,6,6,6,6,6,6,6,6,6
mglcs_10_200_4_2.txt.out,7,7,6,7,7,7,7,6,6,7,5,5,5,6,6,7,5,7,6,6.0,5,6,6.0,5,5,6.0,6.0,6,5,5,5,5,5,5,5,5,5,6,6,7,5,5,6,6,6,6,6,6,6,5,6,5,5,6,6,5,5,5,6,6,6,6,6,6,6,5,5,6,5,5,5,5,5,6,5
mglcs_10_200_4_3.txt.out,10,10,10,10,9,10,10,9,10,10,10,10,9,9,8,9,9,9,9,10.0,10,9,10.0,10,9,8.0,10.0,9,10,10,10,10,10,10,10,10,10,9,9,9,9,9,9,8,10,10,10,10,10,10,10,10,10,10,10,9,9,9,9,10,9,8,8,10,10,10,10,10,10,10,10,10,10,10,10
mglcs_10_200_4_4.txt.out,9,9,6,9,8,9,9,9,10,9,9,8,7,8,8,9,9,9,9,8.0,8,8,8.0,9,8,8.0,9.0,8,6,6,6,6,6,6,6,6,6,10,9,8,8,9,9,9,9,8,6,6,6,6,6,6,6,6,6,9,9,8,8,8,8,8,9,8,6,6,6,6,6,6,6,6,6,6,6
mglcs_10_200_4_5.txt.out,7,7,6,7,7,7,7,9,8,7,6,6,7,6,7,7,6,7,7,7.0,6,7,7.0,7,7,6.0,6.0,6,6,6,6,6,6,6,6,6,6,7,7,7,7,7,6,6,7,7,6,6,6,6,6,6,6,6,6,7,8,7,7,6,8,6,6,7,6,6,6,6,6,6,6,6,6,6,6
mglcs_10_200_4_6.txt.out,8,8,7,8,7,8,8,8,10,8,6,6,7,6,6,6,6,7,6,7.0,6,8,6.0,8,7,6.0,6.0,6,7,7,7,7,7,7,7,7,7,7,6,6,6,6,6,6,6,6,7,7,7,7,7,7,7,7,7,6,6,6,6,8,6,7,8,6,7,7,7,7,7,7,7,7,7,7,7
mglcs_10_200_4_7.txt.out,6,6,4,6,6,6,6,8,6,6,4,5,7,4,6,6,5,4,5,7.0,6,5,4.0,4,5,5.0,5.0,6,4,4,4,4,4,4,4,4,4,7,6,5,6,5,4,5,5,4,4,4,4,4,4,4,4,4,4,5,6,6,5,5,5,6,5,5,4,4,4,4,4,4,4,4,4,4,4
mglcs_10_200_4_8.txt.out,6,6,5,6,6,6,6,6,7,6,6,6,6,5,6,6,6,5,6,6.0,6,6,6.0,6,6,6.0,6.0,6,5,5,5,5,5,5,5,5,5,6,6,5,6,5,6,5,6,5,5,5,5,5,5,5,5,5,5,6,6,5,6,6,6,6,6,5,5,5,5,5,5,5,5,5,5,5,5
mglcs_10_200_4_9.txt.out,8,8,7,8,7,8,8,7,8,8,6,6,7,6,6,7,7,7,7,7.0,7,7,7.0,7,7,6.0,7.0,6,7,7,7,7,7,7,7,7,7,7,7,7,7,6,7,7,7,7,7,7,7,7,7,7,7,7,7,7,7,7,6,7,6,7,6,7,7,7,7,7,7,7,7,7,7,7,7
mglcs_10_500_2_0.txt.out,12,12,10,12,15,12,12,13,12,12,11,11,11,11,11,11,11,11,11,11.0,11,11,9.0,10,11,11.0,11.0,11,10,10,10,10,10,10,10,10,10,11,11,9,11,11,11,11,11,9,10,10,10,10,10,10,10,10,10,10,11,11,11,9,11,11,9,11,10,10,10,10,10,10,10,10,10,10,10
mglcs_10_500_2_1.txt.out,14,14,11,14,13,14,14,14,14,14,12,14,10,11,14,10,11,12,12,11.0,11,12,11.0,12,10,14.0,11.0,11,11,11,11,11,11,11,11,11,11,14,12,11,11,12,14,14,12,11,11,11,11,11,11,11,11,11,11,12,11,12,12,14,11,12,14,11,11,11,11,11,11,11,11,11,11,11,11
mglcs_10_500_2_2.txt.out,13,13,12,13,12,13,13,13,13,13,12,11,10,12,13,12,12,10,10,10.0,13,10,11.0,13,10,10.0,10.0,10,12,12,12,12,12,12,12,12,12,12,12,11,10,12,10,12,10,10,12,12,12,12,12,12,12,12,12,10,10,11,9,12,10,10,11,10,12,12,12,12,12,12,12,12,12,12,12
mglcs_10_500_2_3.txt.out,8,8,8,8,13,8,8,13,14,8,8,8,8,10,8,8,8,7,8,9.0,8,8,8.0,8,8,7.0,9.0,11,8,8,8,8,8,8,8,8,8,8,9,8,9,9,8,8,9,8,8,8,8,8,8,8,8,8,8,7,8,8,8,8,8,7,8,8,8,8,8,8,8,8,8,8,8,8,8
mglcs_10_500_2_4.txt.out,14,14,12,14,14,14,14,14,14,14,13,14,12,13,13,14,14,14,14,14.0,13,13,14.0,14,13,14.0,12.0,13,13,13,12,13,13,13,12,12,13,13,13,13,13,13,13,14,13,13,12,13,12,13,12,13,13,12,13,13,13,13,13,14,13,14,14,13,13,13,13,12,12,13,13,13,13,12,12
mglcs_10_500_2_5.txt.out,14,14,9,14,12,14,14,12,12,14,9,10,10,9,9,9,11,10,9,11.0,9,10,9.0,9,9,9.0,10.0,9,9,9,9,9,9,9,9,9,9,11,9,9,9,10,10,9,9,11,9,9,9,9,9,9,9,9,9,9,10,9,10,10,10,9,9,9,9,9,9,9,9,9,9,9,9,9,9
mglcs_10_500_2_6.txt.out,15,15,12,15,15,15,15,15,15,15,14,13,12,13,12,13,12,13,12,12.0,12,11,14.0,12,14,14.0,15.0,14,12,12,12,12,12,12,12,12,12,15,13,12,12,13,12,12,12,15,12,12,12,12,12,12,12,12,12,14,12,12,11,12,11,13,12,12,12,12,12,12,12,12,12,12,12,12,12
mglcs_10_500_2_7.txt.out,8,8,6,8,9,8,8,10,10,8,8,8,9,7,8,8,8,7,7,9.0,7,7,7.0,7,7,9.0,9.0,8,6,6,6,6,6,6,6,6,6,9,8,8,9,7,8,8,9,6,6,6,6,6,6,6,6,6,6,8,9,9,8,7,8,7,7,9,6,6,6,6,6,6,6,6,6,6,6
mglcs_10_500_2_8.txt.out,10,10,8,10,10,10,10,10,10,10,10,8,8,10,8,8,10,8,8,8.0,10,10,10.0,8,8,8.0,8.0,8,7,8,8,7,8,7,8,7,7,10,9,10,8,8,10,10,8,10,7,8,7,7,7,7,8,7,7,9,10,8,8,8,10,8,9,8,8,8,7,7,7,8,8,7,8,8,8
mglcs_10_500_2_9.txt.out,10,10,7,10,9,10,10,10,9,10,9,9,9,8,9,10,7,9,7,7.0,7,9,8.0,9,8,8.0,7.0,9,7,7,7,7,7,7,7,7,7,7,8,9,8,8,8,9,7,10,7,7,7,7,7,7,7,7,7,9,8,7,9,9,9,9,9,8,7,7,7,7,7,7,7,7,7,7,7
mglcs_10_500_4_0.txt.out,5,5,5,5,6,5,5,7,7,5,5,6,5,6,6,5,5,5,5,5.0,6,6,6.0,8,6,8.0,5.0,6,5,5,5,5,5,5,5,5,5,6,5,5,6,6,5,5,5,5,5,5,5,5,5,5,5,5,5,5,5,5,6,4,5,5,5,5,5,5,5,5,5,5,5,5,5,5,5
mglcs_10_500_4_1.txt.out,6,6,6,6,8,6,6,6,6,6,6,6,6,6,5,6,6,6,6,6.0,6,6,6.0,6,6,6.0,6.0,5,6,6,6,6,6,6,6,6,6,6,6,6,6,6,6,7,6,6,6,6,6,6,6,6,6,6,6,6,6,6,5,5,6,6,6,6,6,6,6,6,6,6,6,6,6,6,6
mglcs_10_500_4_2.txt.out,8,8,8,8,8,8,8,8,8,8,8,8,8,8,7,8,8,8,8,8.0,8,8,7.0,7,8,8.0,8.0,8,8,8,8,8,8,8,8,8,8,8,8,8,8,8,8,8,8,8,8,8,8,8,8,8,8,8,8,7,7,8,8,8,8,8,8,8,8,8,8,8,8,8,8,8,8,8,8
mglcs_10_500_4_3.txt.out,8,8,7,8,9,8,8,9,9,8,7,7,8,7,7,7,7,7,8,7.0,7,7,8.0,7,8,7.0,7.0,7,7,7,7,7,7,7,7,7,7,7,8,7,7,8,7,8,7,7,7,7,7,7,7,7,7,7,7,7,7,8,7,7,7,7,8,7,7,7,7,7,7,7,7,7,7,7,7
mglcs_10_500_4_4.txt.out,9,9,8,9,9,9,9,9,8,9,7,8,7,8,8,8,8,9,7,8.0,7,8,8.0,8,8,9.0,8.0,8,8,8,8,8,8,8,8,8,8,8,8,8,8,8,8,8,8,8,8,8,8,8,8,8,8,8,8,8,8,8,8,8,8,8,8,8,8,8,8,8,8,8,8,8,8,8,8
mglcs_10_500_4_5.txt.out,6,6,5,6,7,6,6,7,7,6,6,6,6,6,6,6,7,7,6,6.0,6,6,6.0,6,6,6.0,6.0,6,5,5,5,5,5,5,5,5,5,6,6,6,7,7,6,6,6,6,5,5,5,5,5,5,5,5,5,6,6,6,6,7,6,7,6,6,5,5,5,5,5,5,5,5,5,5,5
mglcs_10_500_4_6.txt.out,8,8,5,8,10,8,8,9,11,8,8,8,8,8,7,8,9,8,7,8.0,11,8,8.0,8,8,8.0,8.0,8,5,5,5,5,5,5,5,5,5,8,9,8,8,7,8,9,7,8,5,5,5,5,5,5,5,5,5,8,9,8,11,11,11,9,9,9,5,5,5,5,5,5,5,5,5,5,5
mglcs_10_500_4_7.txt.out,7,7,7,7,7,7,7,6,7,7,6,6,6,6,6,6,6,7,6,7.0,6,6,6.0,6,6,6.0,6.0,6,7,7,7,7,7,7,7,7,7,7,6,6,6,6,6,6,6,6,7,7,7,7,7,7,7,7,7,7,6,6,6,6,7,7,7,6,7,7,7,7,7,7,7,7,7,7,7
mglcs_10_500_4_8.txt.out,6,6,5,6,8,6,6,7,11,6,11,11,6,8,6,8,6,6,6,6.0,6,8,6.0,5,6,6.0,11.0,6,5,5,5,5,5,5,5,5,5,11,5,6,8,6,6,6,6,6,5,5,5,5,5,5,5,5,5,6,7,6,6,6,6,8,8,7,5,5,5,5,5,5,5,5,5,5,5
mglcs_10_500_4_9.txt.out,6,6,5,6,7,6,6,8,9,6,6,7,7,7,6,7,6,6,6,5.0,6,6,7.0,7,8,6.0,7.0,8,5,5,5,5,5,5,5,5,5,8,7,8,5,7,6,8,7,6,5,5,5,5,5,5,5,5,5,6,8,6,8,7,7,6,7,5,5,5,5,5,5,5,5,5,5,5,5
mglcs_10_50_2_0.txt.out,14,14,12,14,12,14,14,12,12,14,12,12,11,12,10,12,10,11,11,10.0,12,12,12.0,12,12,12.0,12.0,10,12,12,12,12,12,12,12,12,12,12,11,11,12,12,12,12,12,11,12,12,12,12,12,12,12,12,12,10,12,12,10,12,12,12,9,11,12,12,12,12,12,12,12,12,12,12,12
mglcs_10_50_2_1.txt.out,9,9,9,9,9,9,9,8,9,9,8,8,8,8,9,8,8,8,8,8.0,9,8,9.0,9,8,8.0,8.0,8,9,9,9,9,9,9,9,9,9,8,8,9,8,8,8,8,8,9,9,9,9,9,9,9,9,9,9,8,9,8,8,9,8,8,8,8,9,9,9,9,9,9,9,9,9,9,9
mglcs_10_50_2_2.txt.out,9,9,8,9,9,9,9,8,8,9,8,8,8,8,8,7,8,8,8,8.0,8,8,8.0,8,8,8.0,8.0,8,8,8,8,8,8,8,8,8,8,8,8,8,8,8,8,8,8,8,8,8,8,8,8,8,8,8,8,8,8,8,8,8,8,8,8,7,8,8,8,8,8,8,8,8,8,8,8
mglcs_10_50_2_3.txt.out,12,12,9,12,12,12,12,13,12,12,11,11,11,12,12,11,11,11,11,11.0,11,11,11.0,11,11,11.0,9.0,12,9,9,9,9,9,9,9,9,9,11,11,11,10,12,12,12,11,11,9,9,9,9,9,9,9,9,9,12,11,11,11,11,11,11,11,11,9,9,9,9,9,9,9,9,9,9,9
mglcs_10_50_2_4.txt.out,8,8,7,8,8,8,8,7,7,8,7,7,7,7,7,7,7,8,7,7.0,7,7,7.0,7,7,7.0,7.0,7,7,7,7,7,7,7,7,7,7,7,7,7,7,7,7,7,7,7,7,7,7,7,7,7,7,7,7,7,7,7,7,7,7,7,7,7,7,7,7,7,7,7,7,7,7,7,7
mglcs_10_50_2_5.txt.out,14,14,12,14,14,14,14,14,14,14,14,11,14,12,14,12,14,14,12,12.0,12,14,12.0,12,14,14.0,14.0,11,12,12,12,12,12,12,12,12,12,14,14,12,12,14,12,14,12,12,12,12,12,12,12,12,12,12,12,12,12,14,14,14,14,14,14,14,12,12,12,12,12,12,12,12,12,12,12
mglcs_10_50_2_6.txt.out,10,10,8,10,11,10,10,10,10,10,9,9,9,10,9,8,9,9,8,8.0,10,9,9.0,9,8,9.0,8.0,8,8,8,8,8,8,8,8,8,8,11,9,9,8,8,9,10,9,10,8,8,8,8,8,8,8,8,8,9,9,9,8,9,9,8,8,10,8,8,8,8,8,8,8,8,8,8,8
mglcs_10_50_2_7.txt.out,12,12,9,12,12,12,12,12,12,12,8,9,9,8,8,8,9,9,9,8.0,9,9,9.0,8,9,8.0,9.0,9,9,9,9,9,9,9,9,9,9,12,9,9,9,8,9,9,9,8,9,9,9,9,9,9,9,9,9,8,9,8,9,9,12,9,9,9,9,9,9,9,9,9,9,9,9,9,9
mglcs_10_50_2_8.txt.out,9,9,7,9,10,9,9,10,9,9,9,7,7,8,9,9,8,9,9,8.0,8,7,9.0,6,7,9.0,7.0,9,7,7,7,7,7,7,7,7,7,10,7,9,7,7,9,8,9,7,7,7,7,7,7,7,7,7,7,9,7,9,8,8,9,9,6,7,7,7,7,7,7,7,7,7,7,7,7
mglcs_10_50_2_9.txt.out,14,14,10,14,13,14,14,14,14,14,12,12,12,11,12,12,11,11,14,11.0,13,11,11.0,12,11,14.0,13.0,11,10,10,10,10,10,10,10,10,10,11,11,11,11,12,11,12,12,11,10,10,10,10,10,10,10,10,10,11,11,13,12,11,11,14,12,12,10,10,10,10,10,10,10,10,10,10,10
mglcs_10_50_4_0.txt.out,8,8,7,8,8,8,8,8,8,8,7,7,7,7,7,7,7,7,7,7.0,7,7,7.0,7,7,7.0,7.0,7,7,7,7,7,7,7,7,7,7,7,7,7,7,7,8,7,7,7,7,7,7,7,7,7,7,7,7,7,7,7,7,7,7,7,7,7,7,7,7,7,7,7,7,7,7,7,7
mglcs_10_50_4_1.txt.out,6,6,5,6,6,6,6,6,6,6,6,5,5,6,6,6,5,5,6,5.0,6,6,5.0,5,5,6.0,5.0,6,5,5,5,5,5,5,5,5,5,6,5,5,6,5,5,5,5,6,5,5,5,5,5,5,5,5,5,6,6,5,6,5,6,6,5,5,5,5,5,5,5,5,5,5,5,5,5
mglcs_10_50_4_2.txt.out,7,7,7,7,7,7,7,7,7,7,7,7,7,7,7,7,7,7,7,7.0,6,7,8.0,7,5,6.0,6.0,7,7,7,7,7,7,7,7,7,7,8,6,7,7,7,7,6,7,7,7,7,7,7,7,7,7,7,7,7,7,7,6,8,7,7,8,6,7,7,7,7,7,7,7,7,7,7,7
mglcs_10_50_4_3.txt.out,9,9,8,9,9,10,10,9,9,10,8,9,8,9,10,9,7,9,9,9.0,10,10,8.0,8,10,8.0,9.0,10,8,8,8,8,8,8,8,8,8,10,8,10,8,9,8,10,8,9,8,8,8,8,8,8,8,8,8,9,8,9,10,9,10,10,9,8,8,8,8,8,8,8,8,8,8,8,8
mglcs_10_50_4_4.txt.out,6,6,5,6,8,6,6,8,8,6,5,5,8,7,5,5,5,5,5,5.0,5,5,5.0,5,5,8.0,5.0,5,5,6,6,5,5,5,5,6,6,5,5,5,5,6,5,5,5,5,6,6,5,5,6,5,5,5,6,7,8,5,5,5,5,7,5,5,6,6,5,6,6,5,5,5,6,5,5
mglcs_10_50_4_5.txt.out,5,5,5,5,5,5,5,5,5,5,5,5,5,5,5,5,5,5,5,5.0,5,5,5.0,5,5,5.0,5.0,5,5,5,5,5,5,5,5,5,5,5,5,5,5,5,5,5,5,5,5,5,5,5,5,5,5,5,5,5,5,5,5,7,5,5,5,5,5,5,5,5,5,5,5,5,5,5,5
mglcs_10_50_4_6.txt.out,6,6,5,6,6,6,6,5,5,6,5,6,5,6,5,5,5,5,5,5.0,6,5,5.0,6,5,5.0,5.0,5,5,5,5,5,5,5,5,5,5,5,5,5,5,5,5,5,5,5,5,5,5,5,5,5,5,5,5,5,5,5,5,5,5,5,6,5,5,5,5,5,5,5,5,5,5,5,5
mglcs_10_50_4_7.txt.out,6,6,6,6,6,6,6,6,6,6,5,6,6,4,5,5,5,6,6,6.0,5,5,5.0,6,5,6.0,6.0,5,6,6,6,6,6,6,6,6,6,5,5,5,6,5,6,4,6,6,6,6,6,6,6,6,6,6,6,5,6,6,5,5,5,5,6,6,6,6,6,6,6,6,6,6,6,6,6
mglcs_10_50_4_8.txt.out,6,6,6,6,6,6,6,6,6,6,6,6,5,5,5,6,6,5,5,6.0,6,5,6.0,6,5,5.0,5.0,5,6,6,6,6,6,6,6,6,6,5,6,6,6,6,6,6,6,6,6,6,6,6,6,6,6,6,6,6,6,6,6,6,6,5,6,5,6,6,6,6,6,6,6,6,6,6,6
mglcs_10_50_4_9.txt.out,7,7,6,7,6,7,7,7,6,7,6,6,6,6,6,6,6,5,6,6.0,6,6,6.0,5,6,6.0,5.0,6,6,6,6,6,6,6,6,6,6,6,6,6,6,6,6,6,6,6,6,6,6,6,6,6,6,6,6,6,6,6,6,6,6,6,6,6,6,6,6,6,6,6,6,6,6,6,6
mglcs_2_100_2_0.txt.out,80,80,80,80,80,80,80,80,80,80,80,80,80,80,80,80,80,80,80,80.0,80,80,80.0,80,80,80.0,80.0,80,80,80,80,80,80,80,80,80,80,80,80,80,80,80,80,80,80,80,80,80,80,80,80,80,80,80,80,80,80,80,80,80,80,80,80,80,80,80,80,80,80,80,80,80,80,80,80
mglcs_2_100_2_1.txt.out,54,54,54,54,54,54,54,54,54,54,54,54,54,54,54,54,54,54,54,54.0,54,54,54.0,54,54,54.0,54.0,54,54,54,54,54,54,54,54,54,54,54,54,54,54,54,54,54,54,54,54,54,54,54,54,54,54,54,54,54,54,54,54,54,54,54,54,54,54,54,54,54,54,54,54,54,54,54,54
mglcs_2_100_2_2.txt.out,70,70,70,70,70,70,70,70,70,70,70,70,70,70,70,70,70,70,70,70.0,70,70,70.0,70,70,70.0,70.0,70,70,70,70,70,70,70,70,70,70,70,70,70,70,70,70,70,70,70,70,70,70,70,70,70,70,70,70,70,70,70,70,70,70,70,70,70,70,70,70,70,70,70,70,70,70,70,70
mglcs_2_100_2_3.txt.out,79,79,79,79,79,78,78,76,71,78,79,79,77,76,77,77,79,77,79,74.0,79,75,77.0,77,76,78.0,78.0,74,78,78,78,78,78,78,78,78,78,76,79,76,77,77,76,79,79,79,78,78,78,78,76,78,78,78,78,76,77,77,75,77,79,77,77,77,78,78,78,78,77,77,78,78,78,79,78
mglcs_2_100_2_4.txt.out,70,70,70,70,70,70,70,67,66,70,70,66,70,70,67,68,70,70,70,70.0,70,66,66.0,70,70,70.0,70.0,70,70,70,70,70,70,70,70,70,70,69,66,66,70,70,67,70,70,70,70,70,70,70,69,70,70,70,70,66,70,66,66,69,70,70,70,66,70,70,70,70,70,69,70,70,70,70,70
mglcs_2_100_2_5.txt.out,76,76,76,76,76,76,76,76,76,76,76,76,76,76,76,76,76,76,76,76.0,76,76,76.0,76,76,76.0,76.0,76,76,76,76,76,76,76,76,76,76,76,76,76,76,76,76,76,76,76,76,76,76,76,76,76,76,76,76,76,76,76,76,76,76,76,76,76,76,76,76,76,76,76,76,76,76,76,76
mglcs_2_100_2_6.txt.out,77,77,76,76,76,76,77,75,73,76,75,76,75,75,77,74,74,74,77,77.0,77,75,76.0,75,76,74.0,76.0,76,76,76,76,76,76,76,76,76,76,75,75,75,75,74,75,77,77,77,76,76,76,76,76,76,76,76,76,75,75,75,75,77,75,74,76,75,76,76,76,76,76,75,76,76,76,76,76
mglcs_2_100_2_7.txt.out,72,72,72,72,72,72,72,72,72,72,72,72,72,72,72,72,72,72,72,72.0,72,72,72.0,72,72,72.0,72.0,72,72,72,72,72,72,72,72,72,72,72,72,72,72,72,72,72,72,72,72,72,72,72,72,72,72,72,72,72,72,72,72,72,72,72,72,72,72,72,72,72,72,72,72,72,72,72,72
mglcs_2_100_2_8.txt.out,75,75,75,75,75,75,75,75,70,75,75,74,74,75,74,75,75,75,75,75.0,75,75,75.0,75,75,75.0,75.0,75,75,75,75,75,75,75,75,75,75,75,75,75,75,75,75,75,75,75,75,75,75,75,75,75,75,75,75,75,75,72,75,75,75,75,75,75,75,75,75,75,75,75,75,75,75,75,75
mglcs_2_100_2_9.txt.out,76,76,76,76,76,76,76,76,76,76,76,76,76,76,76,76,76,76,76,76.0,76,76,76.0,76,76,76.0,76.0,76,76,76,76,76,76,76,76,76,76,76,76,76,76,76,76,76,76,76,76,76,76,76,76,76,76,76,76,76,76,76,76,76,76,76,76,76,76,76,76,76,76,76,76,76,76,76,76
mglcs_2_100_4_0.txt.out,62,62,62,62,62,62,62,56,53,62,53,53,42,53,56,54,55,44,60,60.0,62,60,61.0,60,61,61.0,59.0,47,62,62,62,62,62,62,62,62,62,60,48,58,57,58,56,62,62,59,62,62,62,62,61,62,62,62,60,46,62,59,61,56,58,53,60,58,62,62,62,62,60,60,62,62,62,62,62
mglcs_2_100_4_1.txt.out,61,61,61,61,61,61,61,56,55,61,55,46,47,52,57,56,59,55,61,55.0,58,60,55.0,58,61,61.0,60.0,51,61,61,61,61,61,61,61,61,61,60,46,53,52,60,56,59,59,55,59,61,61,61,55,61,61,61,59,52,58,57,59,56,44,55,61,55,61,61,61,61,59,61,61,61,61,61,61
mglcs_2_100_4_2.txt.out,64,64,64,64,62,62,64,64,62,62,62,64,50,50,64,64,64,56,64,62.0,64,62,62.0,62,63,62.0,64.0,62,62,62,62,62,62,62,62,62,62,65,49,55,61,64,64,62,56,62,62,62,62,62,62,62,62,62,62,64,65,59,61,62,53,49,64,62,62,62,62,62,62,62,62,62,62,64,62
mglcs_2_100_4_3.txt.out,61,61,61,61,61,61,61,60,60,60,60,60,60,60,60,60,60,60,60,60.0,60,60,60.0,60,60,60.0,59.0,60,60,60,60,60,60,60,60,60,60,60,60,60,60,60,60,60,60,60,60,60,61,60,61,60,60,60,60,59,60,60,60,60,60,60,60,60,60,60,60,61,60,60,60,60,60,61,60
mglcs_2_100_4_4.txt.out,62,63,62,62,63,63,63,59,41,63,59,44,46,45,57,59,53,48,62,57.0,55,61,63.0,52,61,56.0,63.0,53,63,63,63,63,63,63,63,63,63,63,52,58,48,63,59,57,59,63,63,63,63,63,63,63,63,63,63,45,57,51,59,57,49,49,62,53,63,63,63,63,63,63,63,63,63,62,63
mglcs_2_100_4_5.txt.out,60,61,60,60,62,62,62,62,58,62,58,44,58,58,58,58,58,58,61,62.0,62,57,58.0,62,59,62.0,58.0,58,62,62,62,62,62,62,62,62,62,58,58,58,62,58,62,62,62,62,62,62,62,62,62,62,62,62,62,58,62,62,61,58,39,62,59,62,62,62,62,62,62,62,62,62,62,60,62
mglcs_2_100_4_6.txt.out,60,60,60,60,60,60,60,60,58,60,60,60,58,60,60,59,60,60,60,60.0,59,59,60.0,60,60,58.0,60.0,60,60,60,60,60,60,60,60,60,60,60,60,60,60,60,60,60,60,60,60,60,60,60,60,60,60,60,60,60,60,60,59,60,60,60,60,60,60,60,60,60,60,60,60,60,60,60,60
mglcs_2_100_4_7.txt.out,63,63,63,63,63,63,63,62,57,63,58,50,47,59,62,62,60,58,62,62.0,63,59,62.0,62,61,60.0,61.0,60,63,63,63,63,63,63,63,63,63,62,62,62,62,62,62,62,59,62,63,63,63,63,63,63,63,63,63,62,62,60,62,62,62,60,62,59,63,63,63,63,62,62,63,63,63,63,63
mglcs_2_100_4_8.txt.out,62,62,62,62,62,62,62,62,62,62,62,62,62,62,62,58,58,62,62,62.0,62,62,62.0,62,62,62.0,62.0,54,62,62,62,62,62,62,62,62,62,62,58,62,62,62,62,62,62,62,62,62,62,62,62,62,62,62,62,54,62,62,62,62,62,62,59,62,62,62,62,62,62,62,62,62,62,62,62
mglcs_2_100_4_9.txt.out,62,62,62,62,62,62,62,59,53,62,62,62,51,62,62,61,62,62,62,62.0,62,60,62.0,62,62,61.0,62.0,62,62,62,62,62,62,62,62,62,62,62,62,62,62,62,59,62,62,62,62,62,62,62,62,62,62,62,62,61,62,62,62,62,62,62,62,62,62,62,62,62,62,62,62,62,62,62,62
mglcs_2_200_2_0.txt.out,95,95,95,95,95,95,95,95,95,95,95,95,95,95,95,93,95,95,95,95.0,94,95,95.0,95,95,95.0,95.0,95,95,95,95,95,95,95,95,95,95,93,93,95,94,95,95,95,95,95,95,95,95,95,95,95,95,95,95,95,95,95,95,95,95,95,95,95,95,95,95,95,95,95,95,95,95,95,95
mglcs_2_200_2_1.txt.out,127,127,115,115,127,127,127,113,101,115,124,124,125,127,127,115,115,124,127,124.0,99,98,127.0,127,127,99.0,108.0,127,127,127,127,127,127,127,127,127,127,126,93,127,127,126,113,124,127,124,127,127,127,127,127,127,127,127,127,113,124,125,95,113,127,124,126,99,127,127,127,127,127,127,127,127,127,115,127
mglcs_2_200_2_2.txt.out,136,136,136,136,144,144,144,140,136,138,136,144,141,136,140,136,143,143,136,143.0,144,143,136.0,142,144,139.0,144.0,142,144,144,138,138,138,138,144,144,138,133,137,141,144,142,140,144,144,143,144,144,144,138,144,138,144,144,144,135,143,137,125,143,144,144,143,142,138,138,138,144,138,138,138,144,138,136,131
mglcs_2_200_2_3.txt.out,150,150,149,149,147,147,149,147,140,147,141,140,140,140,147,144,144,141,149,141.0,144,140,140.0,147,147,146.0,147.0,140,144,144,144,144,144,144,144,144,144,145,146,146,143,146,147,147,144,141,144,144,144,144,144,144,144,144,144,143,140,140,146,145,145,141,145,140,144,144,144,144,144,144,144,144,144,149,147
mglcs_2_200_2_4.txt.out,160,160,160,160,160,160,160,158,157,159,159,157,157,158,159,159,158,157,159,158.0,158,157,158.0,158,158,157.0,159.0,158,159,159,159,159,159,159,159,159,159,159,157,158,158,158,158,158,157,159,159,159,159,159,159,159,159,159,159,159,158,157,159,158,159,157,159,157,159,159,159,159,157,157,159,159,159,160,159
mglcs_2_200_2_5.txt.out,150,146,135,135,154,154,154,152,132,154,150,151,147,149,149,146,151,147,147,154.0,150,147,150.0,150,151,147.0,147.0,153,154,154,154,154,154,154,154,154,154,146,154,154,150,152,152,151,150,150,154,154,154,154,154,154,154,154,154,149,147,147,154,151,154,149,154,152,154,154,154,154,154,154,154,154,154,135,154
mglcs_2_200_2_6.txt.out,143,143,143,143,142,139,143,139,131,139,138,138,129,129,139,142,135,131,138,138.0,143,139,140.0,143,142,142.0,143.0,141,139,143,139,139,143,139,143,139,139,142,142,141,142,142,139,143,139,138,139,143,139,139,139,139,139,139,139,142,131,131,142,139,143,136,142,143,143,143,143,139,139,139,139,139,143,143,139
mglcs_2_200_2_7.txt.out,155,155,155,155,148,148,154,151,129,154,140,140,137,139,151,152,154,140,155,140.0,140,140,139.0,132,140,132.0,155.0,140,152,154,154,152,154,152,154,152,154,153,154,140,140,155,151,140,140,140,154,154,152,152,155,154,152,154,154,152,140,135,154,150,155,139,154,152,154,154,154,152,154,154,154,152,154,155,154
mglcs_2_200_2_8.txt.out,138,138,138,138,138,138,138,137,125,138,138,137,126,135,137,137,138,125,138,138.0,137,138,128.0,138,139,138.0,137.0,140,138,138,138,138,138,138,138,138,138,137,137,139,138,137,137,139,128,138,138,138,137,138,138,138,138,138,137,137,138,122,137,136,137,127,139,138,138,138,138,137,138,138,138,138,138,138,138
mglcs_2_200_2_9.txt.out,143,143,143,143,143,141,143,144,143,143,145,138,143,143,144,143,145,144,143,145.0,145,145,144.0,143,142,142.0,145.0,141,145,145,145,145,145,145,145,145,145,143,145,141,143,145,144,143,145,144,145,145,145,145,145,145,145,145,145,141,145,144,141,143,145,144,145,145,145,145,145,145,145,145,145,145,145,143,145
mglcs_2_200_4_0.txt.out,122,124,122,122,117,122,122,124,94,117,118,117,104,101,124,122,122,100,122,117.0,122,122,122.0,122,122,122.0,122.0,105,113,122,115,113,116,113,122,113,122,124,122,115,105,113,124,122,111,116,113,118,112,113,112,115,112,118,112,110,113,99,121,124,121,95,122,120,116,118,116,112,113,115,115,113,122,122,119
mglcs_2_200_4_1.txt.out,124,124,124,124,122,124,123,117,104,123,119,113,96,117,117,116,118,113,121,119.0,109,121,119.0,114,120,120.0,117.0,118,124,124,122,124,124,124,124,120,124,120,119,119,115,120,117,120,114,120,120,124,123,124,120,124,124,124,123,111,115,116,118,117,121,116,120,117,124,124,124,119,120,124,124,124,124,124,124
mglcs_2_200_4_2.txt.out,124,125,123,123,121,123,123,123,117,121,118,116,116,123,123,117,120,117,120,120.0,111,121,123.0,112,121,123.0,123.0,118,118,118,118,118,118,118,118,118,118,116,123,123,123,117,123,123,107,123,118,118,118,118,120,118,118,118,118,116,121,117,118,123,123,116,120,117,118,118,118,119,118,118,118,118,118,123,119
mglcs_2_200_4_3.txt.out,124,124,124,124,120,122,122,111,93,122,110,104,92,97,112,110,108,94,122,114.0,116,118,116.0,111,117,114.0,122.0,104,122,122,122,122,122,122,122,119,122,116,114,114,102,115,111,118,107,117,122,122,122,122,122,122,122,122,120,110,97,103,118,111,112,94,115,105,122,122,122,122,120,120,122,122,122,124,124
mglcs_2_200_4_4.txt.out,129,129,129,129,131,114,126,125,77,126,84,75,76,89,125,123,118,90,121,124.0,124,126,110.0,110,130,122.0,125.0,84,114,111,113,114,111,114,111,114,111,118,104,117,125,110,125,114,126,126,114,111,123,114,114,114,114,114,123,117,126,97,112,125,100,90,108,110,111,111,111,112,114,114,113,114,111,129,124
mglcs_2_200_4_5.txt.out,121,121,121,121,114,112,114,110,99,111,95,107,84,103,112,107,110,99,117,108.0,111,113,108.0,114,114,115.0,115.0,102,110,110,110,110,110,110,110,110,110,113,109,108,103,107,110,116,110,108,110,110,112,110,114,110,110,110,112,77,108,101,113,112,114,102,113,107,110,110,110,112,110,110,110,111,110,121,112
mglcs_2_200_4_6.txt.out,127,127,127,127,126,126,126,124,91,126,126,117,126,126,123,116,126,123,126,124.0,124,124,126.0,123,126,125.0,126.0,126,126,126,126,126,126,126,126,126,126,120,118,124,126,127,124,126,123,126,126,126,126,126,126,126,126,126,126,116,126,126,124,122,127,126,126,126,126,126,126,126,126,126,126,126,126,127,126
mglcs_2_200_4_7.txt.out,126,126,126,126,126,126,126,124,94,125,94,107,94,111,124,124,113,97,126,109.0,124,124,115.0,115,124,124.0,124.0,100,126,126,126,126,126,126,126,126,126,114,124,108,115,110,124,124,124,115,126,126,126,126,126,126,126,126,126,94,104,105,124,124,125,96,124,113,126,126,126,126,126,126,126,126,126,126,126
mglcs_2_200_4_8.txt.out,129,129,129,129,125,125,125,122,106,125,121,121,101,118,122,122,122,115,122,116.0,125,127,122.0,125,124,126.0,127.0,115,125,125,125,125,125,125,125,125,125,122,122,113,115,121,122,123,126,121,125,125,125,125,128,125,125,125,125,105,120,119,124,122,119,118,122,119,125,125,125,125,125,125,125,125,125,129,125
mglcs_2_200_4_9.txt.out,126,126,126,126,126,126,126,126,109,126,124,126,106,126,126,126,126,113,126,126.0,126,126,126.0,126,126,126.0,126.0,126,126,126,126,126,126,126,126,126,126,126,126,126,126,126,126,126,114,126,126,126,126,126,126,126,126,126,126,112,124,126,126,126,126,115,126,126,126,126,126,126,126,126,126,126,126,126,126
mglcs_2_500_2_0.txt.out,200,199,199,199,284,215,284,282,223,283,170,172,174,176,219,174,198,284,199,171.0,194,173,179.0,194,188,176.0,172.0,194,283,200,284,283,283,283,200,284,284,172,176,188,200,199,218,284,194,283,284,283,200,283,283,283,283,283,283,197,176,174,149,218,200,283,173,283,283,283,284,200,283,283,283,283,200,199,200
mglcs_2_500_2_1.txt.out,235,235,235,235,231,232,232,231,169,232,231,191,224,232,229,229,227,225,235,225.0,225,179,224.0,229,178,226.0,231.0,229,232,232,182,231,231,232,179,216,182,230,228,230,227,229,230,232,230,232,182,179,174,232,217,231,179,231,174,225,222,224,171,234,225,225,229,228,231,231,231,173,179,232,231,232,231,235,179
mglcs_2_500_2_2.txt.out,226,226,226,226,203,203,203,279,186,225,283,203,203,202,280,224,278,202,226,203.0,184,172,203.0,202,185,225.0,221.0,201,203,203,203,203,203,203,203,203,203,222,200,185,202,278,279,225,203,264,203,203,203,203,203,203,203,203,203,277,203,202,179,281,220,203,276,194,203,203,225,203,203,203,225,225,203,226,203
mglcs_2_500_2_3.txt.out,335,334,334,334,331,331,333,327,257,331,327,327,327,327,327,331,329,327,330,327.0,297,264,327.0,327,318,317.0,327.0,327,331,331,331,331,331,331,331,327,327,331,267,325,334,327,327,302,330,329,327,331,327,331,331,331,331,331,327,326,327,323,327,327,331,329,327,263,331,331,331,327,331,331,331,333,331,334,331
mglcs_2_500_2_4.txt.out,299,299,299,299,302,302,302,294,225,302,286,241,278,299,293,280,285,286,286,285.0,235,230,296.0,286,264,278.0,279.0,297,302,302,302,302,302,302,302,302,302,227,223,280,276,297,294,244,265,286,302,302,302,302,302,302,302,302,302,262,263,278,235,266,297,284,297,230,302,302,302,302,302,302,302,302,302,299,302
mglcs_2_500_2_5.txt.out,302,305,300,300,314,294,295,306,247,316,250,246,256,274,304,296,305,231,323,274.0,286,270,272.0,295,290,242.0,292.0,274,316,318,318,318,318,318,318,318,318,289,241,272,277,265,303,288,262,274,318,316,295,318,316,318,316,318,295,290,274,253,231,321,275,272,256,254,316,318,318,294,314,316,316,316,316,300,314
mglcs_2_500_2_6.txt.out,297,297,297,297,345,298,344,342,241,340,327,246,320,243,336,296,294,300,297,298.0,286,253,344.0,334,263,274.0,264.0,294,260,271,260,260,271,260,271,260,271,283,275,279,337,312,342,346,286,269,260,271,272,260,260,260,260,260,249,282,294,274,241,324,347,300,326,279,271,271,271,261,260,260,271,260,271,297,345
mglcs_2_500_2_7.txt.out,371,372,277,277,317,317,317,366,214,317,317,316,316,305,257,362,314,270,317,317.0,317,243,317.0,264,264,316.0,317.0,272,317,317,317,317,317,317,317,317,317,317,258,317,264,272,366,317,266,317,317,317,317,317,317,317,317,317,317,301,317,314,238,357,317,272,316,239,317,317,317,266,317,317,317,317,317,277,317
mglcs_2_500_2_8.txt.out,307,307,307,307,321,321,321,298,209,321,318,228,292,332,315,303,300,299,308,301.0,318,201,337.0,302,233,296.0,303.0,333,321,321,321,321,321,321,321,321,321,302,297,298,303,318,298,318,304,301,321,321,321,321,321,321,321,321,321,299,332,293,225,297,321,300,319,318,321,321,321,248,321,321,321,321,321,307,321
mglcs_2_500_2_9.txt.out,247,247,247,247,247,247,247,246,245,247,247,247,247,247,246,247,247,247,247,247.0,247,242,247.0,247,242,247.0,247.0,247,247,247,247,247,247,247,247,247,247,247,247,240,247,247,246,247,247,247,247,247,247,247,247,247,247,247,247,225,247,247,247,247,247,247,247,247,247,247,247,247,247,247,247,247,247,247,247
mglcs_2_500_4_0.txt.out,307,307,307,307,308,308,309,307,175,307,263,206,233,263,307,302,307,252,307,252.0,307,304,307.0,262,307,251.0,304.0,263,309,303,309,309,307,309,303,309,309,302,303,304,267,291,307,307,302,307,307,307,301,309,309,307,309,307,301,302,265,307,304,306,307,252,285,295,307,307,307,301,309,309,307,309,303,307,307
mglcs_2_500_4_1.txt.out,308,308,307,307,292,297,297,292,239,297,253,241,253,238,290,300,292,219,301,289.0,265,279,279.0,287,293,290.0,294.0,253,288,287,297,286,300,286,286,297,296,295,295,272,288,287,292,282,279,285,297,288,296,286,297,286,288,292,296,290,252,287,290,290,299,246,291,284,300,300,301,296,297,286,286,288,288,307,300
mglcs_2_500_4_2.txt.out,266,267,235,235,293,292,300,261,219,296,241,240,216,237,263,248,267,238,288,245.0,223,259,246.0,263,247,251.0,290.0,231,298,296,298,298,304,298,296,298,284,246,287,261,266,268,261,283,254,261,298,295,294,298,298,298,298,298,294,275,244,241,272,260,265,239,264,246,295,304,304,265,298,298,298,298,295,235,273
mglcs_2_500_4_3.txt.out,307,307,307,307,304,305,309,282,224,305,299,268,235,261,279,222,292,243,253,294.0,287,282,273.0,277,295,229.0,298.0,276,295,149,149,149,149,149,295,282,262,288,232,263,298,288,282,282,271,298,297,149,277,149,290,149,149,278,277,262,272,264,240,286,305,271,289,266,149,149,149,275,149,149,304,305,149,307,241
mglcs_2_500_4_4.txt.out,315,316,316,316,286,301,293,288,205,299,292,284,234,282,285,282,281,243,305,268.0,282,292,282.0,285,281,282.0,293.0,282,301,290,290,293,291,293,290,290,288,288,252,273,284,289,288,285,275,285,290,291,287,293,290,290,292,299,285,282,282,282,290,289,291,254,288,290,291,291,291,286,290,293,290,301,291,316,290
mglcs_2_500_4_5.txt.out,305,305,301,301,300,301,305,298,245,298,284,282,258,258,296,293,298,253,301,262.0,267,261,261.0,297,293,284.0,297.0,262,283,298,305,300,282,298,305,298,294,178,269,286,291,298,298,300,283,274,306,282,300,298,298,298,283,306,300,274,260,283,301,299,300,265,299,265,282,282,300,299,301,299,282,300,282,301,283
mglcs_2_500_4_6.txt.out,303,302,302,302,300,299,301,296,230,297,294,296,286,247,296,296,298,231,302,296.0,296,296,296.0,296,296,296.0,298.0,249,298,301,297,298,301,298,300,297,298,297,296,294,274,294,296,293,291,296,297,301,297,298,297,301,298,297,297,296,296,286,296,296,301,241,300,297,301,301,301,297,298,297,301,298,299,302,303
mglcs_2_500_4_7.txt.out,310,310,310,310,278,283,291,278,240,283,259,276,240,279,277,277,279,251,308,277.0,277,277,280.0,277,280,277.0,277.0,279,282,279,279,287,286,290,289,273,277,278,277,251,277,277,278,280,273,266,277,285,277,290,278,290,290,283,277,277,252,277,277,277,280,242,278,278,285,285,277,277,281,290,282,282,285,310,277
mglcs_2_500_4_8.txt.out,308,308,308,308,297,299,300,285,261,299,292,286,272,278,287,266,296,283,297,284.0,275,288,279.0,289,291,262.0,292.0,291,299,298,285,299,298,299,296,286,297,273,289,278,290,289,285,301,280,292,295,297,296,299,299,298,299,299,298,272,284,278,276,288,295,265,291,289,297,298,296,297,296,298,298,299,297,308,303
mglcs_2_500_4_9.txt.out,300,300,300,300,291,279,287,269,214,283,279,268,182,271,274,176,283,249,296,285.0,266,185,283.0,287,281,191.0,284.0,255,279,289,297,285,291,280,293,286,290,285,273,282,283,272,269,288,273,275,288,292,288,280,251,291,294,288,288,272,244,250,289,274,298,240,290,273,292,292,291,287,286,288,291,283,293,300,288
mglcs_2_50_2_0.txt.out,36,36,36,36,36,36,36,36,36,36,36,36,36,36,36,36,36,36,36,36.0,36,36,36.0,36,36,36.0,36.0,36,36,36,36,36,36,36,36,36,36,36,36,36,36,36,36,36,36,36,36,36,36,36,36,36,36,36,36,36,36,36,36,36,36,36,36,36,36,36,36,36,36,36,36,36,36,36,36
mglcs_2_50_2_1.txt.out,37,37,37,37,37,37,37,37,37,37,37,37,37,37,37,37,37,37,37,37.0,37,37,37.0,37,37,37.0,37.0,37,37,37,37,37,37,37,37,37,37,37,37,37,37,37,37,37,37,37,37,37,37,37,37,37,37,37,37,37,37,37,37,37,37,37,37,37,37,37,37,37,37,37,37,37,37,37,37
mglcs_2_50_2_2.txt.out,39,39,39,39,39,39,39,39,39,39,39,39,39,39,39,39,39,39,39,39.0,39,39,39.0,39,39,39.0,39.0,39,39,39,39,39,39,39,39,39,39,39,39,39,39,39,39,39,39,39,39,39,39,39,39,39,39,39,39,39,39,39,39,39,39,39,39,39,39,39,39,39,39,39,39,39,39,39,39
mglcs_2_50_2_3.txt.out,38,38,38,38,38,38,38,38,38,38,38,38,38,38,38,38,38,38,38,38.0,38,38,38.0,38,38,38.0,38.0,38,38,38,38,38,38,38,38,38,38,38,38,38,38,38,38,38,38,38,38,38,38,38,38,38,38,38,38,38,38,38,38,38,38,38,38,38,38,38,38,38,38,38,38,38,38,38,38
mglcs_2_50_2_4.txt.out,37,37,37,37,37,37,37,37,37,37,37,37,37,37,37,37,37,37,37,37.0,37,37,37.0,37,37,37.0,37.0,37,37,37,37,37,37,37,37,37,37,37,37,37,37,37,37,37,37,37,37,37,37,37,37,37,37,37,37,37,37,37,37,37,37,37,37,37,37,37,37,37,37,37,37,37,37,37,37
mglcs_2_50_2_5.txt.out,36,36,36,36,36,36,36,36,36,36,36,36,36,36,36,36,36,36,36,36.0,36,36,36.0,36,36,36.0,36.0,36,36,36,36,36,36,36,36,36,36,36,36,36,36,36,36,36,36,36,36,36,36,36,36,36,36,36,36,36,36,36,36,36,36,36,36,36,36,36,36,36,36,36,36,36,36,36,36
mglcs_2_50_2_6.txt.out,39,39,39,39,39,39,39,39,39,39,39,39,39,39,39,39,39,39,39,39.0,39,39,39.0,39,39,39.0,39.0,39,39,39,39,39,39,39,39,39,39,39,39,39,39,39,39,39,39,39,39,39,39,39,39,39,39,39,39,39,39,39,39,39,39,39,39,39,39,39,39,39,39,39,39,39,39,39,39
mglcs_2_50_2_7.txt.out,39,39,39,39,39,39,39,39,39,39,39,39,39,39,39,39,39,39,39,39.0,39,39,39.0,39,39,39.0,39.0,39,39,39,39,39,39,39,39,39,39,39,39,39,39,39,39,39,39,39,39,39,39,39,39,39,39,39,39,39,39,39,39,39,39,39,39,39,39,39,39,39,39,39,39,39,39,39,39
mglcs_2_50_2_8.txt.out,38,38,38,38,38,38,38,38,38,38,38,38,38,38,38,38,38,38,38,38.0,38,38,38.0,38,38,38.0,38.0,38,38,38,38,38,38,38,38,38,38,38,38,38,38,38,38,38,38,38,38,38,38,38,38,38,38,38,38,38,38,38,38,38,38,38,38,38,38,38,38,38,38,38,38,38,38,38,38
mglcs_2_50_2_9.txt.out,38,38,38,38,38,38,38,38,38,38,38,38,38,38,38,38,38,38,38,38.0,38,38,38.0,38,38,38.0,38.0,38,38,38,38,38,38,38,38,38,38,38,38,38,38,38,38,38,38,38,38,38,38,38,38,38,38,38,38,38,38,38,38,38,38,38,38,38,38,38,38,38,38,38,38,38,38,38,38
mglcs_2_50_4_0.txt.out,29,29,29,29,29,29,29,29,29,29,29,29,29,29,29,29,27,29,29,29.0,29,29,29.0,29,29,29.0,29.0,27,29,29,29,29,29,29,29,29,29,29,29,29,29,29,29,29,29,29,29,29,29,29,29,29,29,29,29,27,29,29,29,28,25,29,29,29,29,29,29,29,29,29,29,29,29,29,29
mglcs_2_50_4_1.txt.out,31,31,31,31,31,31,31,31,31,31,31,31,31,31,31,31,31,31,31,31.0,31,31,31.0,31,31,31.0,31.0,31,31,31,31,31,31,31,31,31,31,31,31,31,31,31,31,31,31,31,31,31,31,31,31,31,31,31,31,31,31,31,31,31,31,31,31,31,31,31,31,31,31,31,31,31,31,31,31
mglcs_2_50_4_2.txt.out,31,31,31,31,31,31,31,31,26,31,28,25,30,30,30,31,31,31,29,31.0,31,29,31.0,27,31,31.0,31.0,26,31,31,31,31,31,31,31,31,31,31,25,31,31,31,31,31,31,31,30,31,31,31,30,31,31,31,29,31,31,31,26,29,24,28,31,31,31,31,31,31,30,31,31,31,31,31,31
mglcs_2_50_4_3.txt.out,30,30,30,30,30,30,30,30,22,30,29,22,26,25,29,29,29,26,30,30.0,30,22,30.0,21,29,29.0,30.0,29,30,30,30,30,30,30,30,30,30,30,25,30,30,30,30,29,29,29,29,30,30,30,30,30,30,30,29,29,26,22,22,30,29,26,30,29,30,30,30,30,28,29,30,30,30,30,30
mglcs_2_50_4_4.txt.out,32,32,32,32,32,32,32,32,30,32,32,32,32,32,32,32,32,32,32,32.0,32,32,32.0,30,32,32.0,32.0,32,32,32,32,32,32,32,32,32,32,32,32,32,32,32,32,32,32,32,32,32,32,32,32,32,32,32,32,32,32,32,32,32,32,32,32,32,32,32,32,32,32,32,32,32,32,32,32
mglcs_2_50_4_5.txt.out,30,30,30,30,29,30,30,30,27,29,26,27,29,29,30,29,30,29,30,29.0,29,28,29.0,27,30,30.0,30.0,24,30,30,29,29,30,29,30,29,29,26,30,30,27,29,30,30,30,27,30,30,30,29,30,28,30,30,30,23,29,30,30,30,25,29,28,29,30,30,30,30,30,28,29,30,30,30,30
mglcs_2_50_4_6.txt.out,30,30,30,30,30,30,30,30,30,30,30,30,30,30,30,30,30,30,30,30.0,30,30,30.0,30,30,30.0,30.0,30,30,30,30,30,30,30,30,30,30,30,30,30,30,30,30,30,30,30,30,30,30,30,30,30,30,30,30,30,30,30,30,30,30,30,30,30,30,30,30,30,30,30,30,30,30,30,30
mglcs_2_50_4_7.txt.out,30,30,30,30,30,30,30,30,30,30,30,30,30,30,30,30,30,30,30,30.0,30,30,30.0,30,30,30.0,30.0,30,30,30,30,30,30,30,30,30,30,30,30,30,30,30,30,30,30,30,30,30,30,30,30,30,30,30,30,30,30,30,30,30,30,30,30,30,30,30,30,30,30,30,30,30,30,30,30
mglcs_2_50_4_8.txt.out,30,30,30,30,30,30,30,30,30,30,30,30,30,30,30,30,30,30,30,30.0,30,30,30.0,30,30,30.0,30.0,30,30,30,30,30,30,30,30,30,30,30,30,30,30,30,30,30,30,30,30,30,30,30,30,30,30,30,30,30,30,30,30,30,30,30,30,30,30,30,30,30,30,30,30,30,30,30,30
mglcs_2_50_4_9.txt.out,28,28,28,28,28,28,28,28,28,28,28,28,28,28,28,28,28,28,28,28.0,28,28,28.0,28,28,28.0,28.0,28,28,28,28,28,28,28,28,28,28,28,28,28,28,28,28,28,28,28,28,28,28,28,28,28,28,28,28,28,28,28,28,28,28,28,28,28,28,28,28,28,28,28,28,28,28,28,28
mglcs_3_100_2_0.txt.out,64,64,64,64,64,64,64,64,64,64,64,64,64,64,64,64,64,64,64,64.0,64,64,64.0,64,64,64.0,64.0,64,64,64,64,64,64,64,64,64,64,64,64,64,64,64,64,64,64,64,64,64,64,64,64,64,64,64,64,64,64,64,64,64,64,64,64,64,64,64,64,64,64,64,64,64,64,64,64
mglcs_3_100_2_1.txt.out,64,64,64,64,64,64,64,63,64,64,64,63,63,64,64,64,63,64,64,64.0,63,64,63.0,63,63,64.0,63.0,64,64,64,64,64,64,64,64,64,64,63,63,63,64,64,63,64,63,64,64,64,64,64,64,64,64,64,64,64,63,64,63,63,63,64,63,63,64,64,64,64,64,64,64,64,64,64,64
mglcs_3_100_2_2.txt.out,61,61,61,61,61,61,61,61,61,61,61,61,61,61,60,61,61,61,61,61.0,61,61,61.0,61,61,61.0,61.0,61,61,61,61,61,61,61,61,61,61,61,61,61,61,61,61,61,61,61,61,61,61,61,61,61,61,61,61,61,61,61,61,61,61,61,61,61,61,61,61,61,61,61,61,61,61,61,61
mglcs_3_100_2_3.txt.out,59,59,59,59,59,59,59,59,59,59,56,56,56,59,59,59,56,59,59,56.0,59,56,59.0,59,56,59.0,56.0,59,59,59,59,59,59,59,59,59,59,59,59,56,56,59,56,56,59,59,59,59,59,59,59,59,59,59,59,59,56,56,59,59,59,59,56,56,59,59,59,59,59,59,59,59,59,59,59
mglcs_3_100_2_4.txt.out,65,65,65,65,65,65,65,65,65,65,65,65,65,65,65,65,65,65,65,65.0,65,65,65.0,65,65,65.0,65.0,65,65,65,65,65,65,65,65,65,65,65,65,65,65,65,65,65,65,65,65,65,65,65,65,65,65,65,65,65,65,65,65,65,65,65,65,65,65,65,65,65,65,65,65,65,65,65,65
mglcs_3_100_2_5.txt.out,56,56,56,56,56,56,56,56,56,56,56,56,56,56,56,56,56,56,56,56.0,56,56,56.0,56,56,56.0,56.0,56,56,56,56,56,56,56,56,56,56,56,56,56,56,56,56,56,56,56,56,56,56,56,56,56,56,56,56,56,56,56,56,56,56,56,56,56,56,56,56,56,56,56,56,56,56,56,56
mglcs_3_100_2_6.txt.out,64,64,64,64,64,64,64,64,64,64,64,64,64,64,64,64,64,64,64,64.0,64,64,64.0,64,64,64.0,64.0,64,64,64,64,64,64,64,64,64,64,64,64,64,64,64,64,64,64,64,64,64,64,64,64,64,64,64,64,64,64,64,64,64,64,64,64,64,64,64,64,64,64,64,64,64,64,64,64
mglcs_3_100_2_7.txt.out,46,46,46,46,46,46,46,46,46,46,46,46,46,46,46,46,46,46,46,46.0,45,46,46.0,46,46,46.0,46.0,46,46,46,46,46,46,46,46,46,46,46,46,46,46,46,46,46,46,46,46,46,46,46,46,46,46,46,46,46,46,46,46,46,46,46,46,46,46,46,46,46,46,46,46,46,46,46,46
mglcs_3_100_2_8.txt.out,41,41,41,41,41,41,41,41,41,41,41,41,41,41,41,41,41,41,41,41.0,41,41,41.0,41,41,41.0,41.0,41,41,41,41,41,41,41,41,41,41,41,41,41,41,41,41,41,41,41,41,41,41,41,41,41,41,41,41,41,41,41,41,41,41,41,41,41,41,41,41,41,41,41,41,41,41,41,41
mglcs_3_100_2_9.txt.out,65,65,65,65,65,65,65,65,65,65,65,65,65,65,65,65,65,65,65,65.0,65,65,65.0,65,65,65.0,65.0,65,65,65,65,65,65,65,65,65,65,65,65,65,65,65,65,65,65,65,65,65,65,65,65,65,65,65,65,65,65,65,65,65,65,65,65,65,65,65,65,65,65,65,65,65,65,65,65
mglcs_3_100_4_0.txt.out,45,45,45,45,45,45,45,45,44,45,44,44,44,45,45,45,45,44,45,45.0,45,45,45.0,45,45,45.0,45.0,45,45,45,45,45,45,45,45,45,45,45,45,45,44,45,45,45,44,45,45,45,45,45,45,45,45,45,45,45,44,44,45,45,45,44,45,45,45,45,45,45,45,45,45,45,45,45,45
mglcs_3_100_4_1.txt.out,49,49,49,49,49,49,49,49,49,49,49,49,49,49,49,49,49,49,49,49.0,49,49,49.0,49,49,49.0,49.0,49,49,49,49,49,49,49,49,49,49,49,49,49,49,49,49,49,49,49,49,49,49,49,49,49,49,49,49,49,49,49,49,49,49,49,49,49,49,49,49,49,49,49,49,49,49,49,49
mglcs_3_100_4_2.txt.out,48,48,48,48,48,48,48,47,47,48,47,47,47,48,47,48,48,47,48,48.0,48,48,47.0,48,48,48.0,48.0,48,48,48,48,48,48,48,48,48,48,48,47,48,48,48,47,48,48,48,48,48,48,48,48,48,48,48,48,48,48,48,48,48,47,47,48,48,48,48,48,48,48,48,48,48,48,48,48
mglcs_3_100_4_3.txt.out,47,47,47,47,47,47,47,47,47,47,47,47,47,47,47,47,47,47,47,47.0,47,47,47.0,47,47,47.0,47.0,47,47,47,47,47,47,47,47,47,47,47,47,47,47,47,47,47,47,47,47,47,47,47,47,47,47,47,47,47,47,47,47,47,47,47,47,47,47,47,47,47,47,47,47,47,47,47,47
mglcs_3_100_4_4.txt.out,52,52,52,52,52,52,52,49,49,52,50,50,49,49,50,50,49,50,52,50.0,50,50,52.0,52,52,50.0,52.0,49,52,52,52,52,52,52,52,52,52,50,49,52,50,50,49,52,50,52,52,52,52,52,52,52,52,52,52,49,50,50,52,49,49,50,52,50,52,52,52,52,50,51,52,52,52,52,52
mglcs_3_100_4_5.txt.out,51,51,51,51,51,51,51,51,51,51,51,51,51,51,51,51,51,51,51,51.0,51,51,51.0,51,51,51.0,51.0,51,51,51,51,51,51,51,51,51,51,51,51,51,51,51,51,51,51,51,51,51,51,51,51,51,51,51,51,51,51,51,51,51,51,51,51,51,51,51,51,51,51,51,51,51,51,51,51
mglcs_3_100_4_6.txt.out,51,51,51,51,51,51,51,49,48,51,50,49,49,49,50,50,50,50,51,51.0,51,51,51.0,50,51,50.0,51.0,49,51,51,51,51,51,51,51,51,51,50,49,49,50,50,49,51,50,51,51,51,51,51,51,51,51,51,51,48,50,49,51,49,50,49,51,50,51,51,51,51,51,51,51,51,51,51,51
mglcs_3_100_4_7.txt.out,46,46,46,46,45,46,46,46,46,45,46,46,46,46,46,46,46,46,46,46.0,46,46,46.0,46,46,46.0,46.0,46,45,45,45,45,45,45,45,45,45,46,46,46,46,46,46,46,46,46,45,45,45,45,45,45,45,45,45,46,46,46,46,46,46,46,46,44,45,45,45,45,45,45,45,45,45,46,45
mglcs_3_100_4_8.txt.out,46,46,46,46,46,46,46,45,44,44,44,44,44,44,45,44,44,44,46,44.0,44,44,46.0,44,44,44.0,44.0,44,44,44,44,44,44,44,44,44,44,44,46,44,44,44,45,44,44,46,44,44,44,44,44,44,44,44,44,44,44,44,44,45,44,44,46,44,44,44,44,44,44,44,44,44,44,46,44
mglcs_3_100_4_9.txt.out,50,50,50,50,50,50,50,50,50,50,50,50,50,50,50,50,50,50,50,50.0,50,50,50.0,50,50,50.0,50.0,50,50,50,50,50,50,50,50,50,50,50,50,50,50,50,50,50,50,50,50,50,50,50,50,50,50,50,50,50,50,50,50,50,50,50,50,50,50,50,50,50,50,50,50,50,50,50,50
mglcs_3_200_2_0.txt.out,123,124,106,119,125,125,126,126,124,125,124,123,106,124,124,123,125,123,124,125.0,125,125,125.0,124,105,105.0,125.0,124,125,125,125,125,125,125,125,125,125,124,124,124,124,124,124,123,125,125,125,125,125,125,125,125,125,125,125,126,124,106,123,124,123,124,125,124,125,125,125,125,125,125,125,125,125,106,114
mglcs_3_200_2_1.txt.out,114,114,114,114,114,114,114,114,103,114,112,114,100,103,113,103,103,112,114,103.0,101,103,104.0,103,104,104.0,101.0,102,110,110,114,114,110,112,114,110,112,103,103,101,103,101,107,104,103,112,112,110,114,110,110,110,110,112,112,103,101,99,107,113,107,101,103,101,110,110,110,110,110,110,110,114,110,114,112
mglcs_3_200_2_2.txt.out,134,134,134,134,134,134,134,131,127,134,131,131,130,102,104,134,121,108,108,129.0,104,103,104.0,131,104,134.0,130.0,106,134,134,134,134,134,134,134,134,134,108,134,105,131,129,103,130,131,110,134,134,134,134,134,134,134,134,134,134,104,129,131,106,105,107,108,129,134,134,134,134,134,134,134,134,134,134,134
mglcs_3_200_2_3.txt.out,94,94,88,94,97,97,94,97,97,97,87,93,91,97,94,88,91,88,94,88.0,94,88,94.0,94,94,91.0,93.0,94,88,88,85,88,88,85,85,88,85,94,88,88,97,88,97,88,88,97,85,85,85,85,85,88,85,88,85,91,88,94,91,97,88,88,91,94,85,88,88,85,88,88,88,88,85,88,85
mglcs_3_200_2_4.txt.out,106,106,106,106,110,110,106,110,100,110,104,100,100,100,109,100,103,110,110,106.0,104,106,100.0,104,104,105.0,106.0,104,110,110,110,110,110,110,110,110,110,110,106,104,104,104,110,104,104,110,110,110,110,110,110,110,110,110,110,100,100,108,106,110,106,100,110,104,110,110,110,110,110,110,110,110,110,106,110
mglcs_3_200_2_5.txt.out,106,106,106,106,106,106,106,106,106,106,106,106,106,106,106,106,106,106,106,106.0,106,106,106.0,106,106,106.0,106.0,106,106,106,106,106,106,106,106,106,106,106,106,106,106,106,105,106,106,106,106,106,106,106,106,106,106,106,106,106,106,106,106,106,106,106,106,106,106,106,106,106,106,106,106,106,106,106,106
mglcs_3_200_2_6.txt.out,75,75,59,75,75,75,75,74,74,75,64,55,73,74,58,73,74,74,74,62.0,62,57,56.0,62,74,55.0,62.0,62,59,59,59,59,59,59,59,59,59,74,55,56,59,62,57,74,62,58,59,59,59,59,59,59,59,59,59,59,74,73,74,58,58,61,61,73,59,59,59,59,59,59,59,59,59,59,59
mglcs_3_200_2_7.txt.out,65,65,41,65,65,65,65,65,65,65,65,65,63,65,65,65,65,65,65,65.0,65,63,63.0,63,65,63.0,65.0,65,41,41,41,41,41,41,41,41,41,65,65,65,65,65,65,65,65,65,41,41,41,41,41,41,41,41,41,65,65,65,65,65,65,63,65,65,41,41,41,41,41,41,41,41,41,41,41
mglcs_3_200_2_8.txt.out,109,109,102,109,106,109,109,106,106,109,106,89,87,89,105,106,87,89,89,89.0,87,89,106.0,87,87,87.0,87.0,89,102,102,102,102,102,102,102,102,102,87,88,89,87,91,89,89,89,89,102,102,102,102,102,102,102,102,102,89,89,89,89,88,89,89,89,89,102,102,102,102,102,102,102,102,102,102,102
mglcs_3_200_2_9.txt.out,104,104,41,104,93,104,104,92,92,104,93,93,91,93,92,92,92,93,93,93.0,93,93,93.0,93,93,92.0,93.0,93,41,41,41,41,41,41,41,41,41,93,93,92,92,93,92,93,93,93,41,41,41,41,41,41,41,41,41,89,93,89,92,92,93,93,93,93,41,41,41,41,41,41,41,41,41,41,41
mglcs_3_200_4_0.txt.out,98,100,100,100,98,98,98,90,87,98,90,89,89,91,89,94,90,88,100,93.0,90,95,92.0,92,92,88.0,92.0,90,98,98,98,98,98,98,98,98,98,95,92,90,90,89,90,91,90,95,98,98,98,98,98,98,98,98,98,91,90,90,96,93,93,89,91,92,98,98,98,98,98,98,98,98,98,100,98
mglcs_3_200_4_1.txt.out,102,102,101,101,102,102,102,98,98,102,98,99,98,99,98,100,101,100,101,101.0,101,102,101.0,100,102,99.0,102.0,101,100,100,99,100,100,100,100,100,99,101,100,100,100,101,98,101,98,101,99,100,99,100,100,100,99,100,99,97,101,98,101,98,101,98,101,98,100,100,100,98,100,100,100,99,100,101,100
mglcs_3_200_4_2.txt.out,102,102,102,102,102,102,102,101,100,101,100,101,99,101,100,100,101,100,102,100.0,102,102,101.0,102,102,100.0,101.0,100,101,102,101,102,101,101,101,101,101,101,100,100,101,101,100,101,100,102,101,102,101,102,101,102,101,101,101,100,101,100,100,100,101,100,101,102,101,102,101,101,101,102,102,101,102,102,101
mglcs_3_200_4_3.txt.out,95,97,97,97,99,99,99,94,88,99,89,94,88,90,92,95,90,91,93,95.0,98,95,99.0,98,95,91.0,95.0,91,99,99,98,99,99,99,99,99,98,95,95,95,92,91,92,97,92,93,98,99,98,99,99,98,99,99,98,90,93,89,98,89,95,90,96,95,99,99,99,99,99,99,99,99,99,97,98
mglcs_3_200_4_4.txt.out,100,100,100,100,100,100,100,100,100,100,100,100,100,99,100,100,100,100,100,100.0,100,100,100.0,100,100,100.0,100.0,100,99,99,99,99,99,99,99,99,99,100,100,100,100,99,100,100,100,100,99,99,99,99,99,99,99,99,99,99,100,99,100,100,100,100,100,100,99,99,99,99,99,99,99,99,99,100,99
mglcs_3_200_4_5.txt.out,96,96,96,96,97,97,97,92,90,95,92,89,90,90,90,92,90,90,94,94.0,92,93,94.0,90,92,91.0,95.0,90,94,94,95,94,94,94,94,94,94,94,90,90,90,92,90,93,90,92,94,94,94,94,94,94,94,94,94,89,91,90,94,90,93,90,92,91,94,94,94,94,94,94,94,94,94,96,94
mglcs_3_200_4_6.txt.out,86,86,86,86,86,86,86,86,86,86,86,58,86,86,60,77,62,86,81,80.0,86,62,86.0,86,83,86.0,86.0,84,86,86,86,85,84,86,86,85,85,86,86,86,61,61,86,83,77,77,85,81,85,86,85,85,86,81,85,85,84,77,86,84,86,77,86,58,86,85,85,85,85,85,86,86,84,86,85
mglcs_3_200_4_7.txt.out,101,101,101,101,101,101,102,99,93,101,100,96,94,98,98,100,98,99,101,98.0,100,101,100.0,100,99,98.0,100.0,99,101,101,101,101,102,101,101,101,101,98,100,100,100,100,98,101,96,100,100,101,101,101,101,101,101,101,100,97,100,97,101,99,99,100,100,100,101,101,101,101,101,102,101,101,101,101,101
mglcs_3_200_4_8.txt.out,100,100,100,100,100,100,100,100,100,100,100,99,97,100,99,100,100,98,100,100.0,100,99,100.0,100,100,100.0,100.0,99,100,100,100,100,100,100,100,100,100,100,100,100,99,100,100,100,100,100,100,100,100,100,100,100,100,100,100,99,100,100,98,100,100,99,100,99,100,100,100,100,100,100,100,100,100,100,100
mglcs_3_200_4_9.txt.out,94,94,93,93,96,96,96,93,93,96,94,96,91,91,93,91,91,96,91,94.0,95,96,96.0,95,96,95.0,95.0,93,95,95,96,95,95,95,95,96,95,94,90,93,95,94,93,96,95,94,95,95,95,95,96,95,95,95,95,85,96,95,95,92,96,96,94,92,95,95,96,95,96,95,95,95,95,93,93
mglcs_3_500_2_0.txt.out,73,73,34,73,88,73,73,91,93,73,52,52,52,59,79,60,52,58,59,50.0,82,59,60.0,62,60,81.0,60.0,81,34,34,34,34,34,34,34,34,34,59,80,57,59,59,79,57,58,82,34,34,34,34,34,34,34,34,34,82,80,60,59,81,60,60,47,56,34,34,34,34,34,34,34,34,34,34,34
mglcs_3_500_2_1.txt.out,151,176,151,151,150,150,150,176,115,150,122,150,115,116,176,151,150,116,150,122.0,109,150,122.0,107,122,150.0,123.0,109,150,150,150,150,150,150,150,150,150,111,116,150,150,150,176,150,116,150,150,150,150,150,150,150,150,150,150,149,110,113,150,176,150,116,150,150,150,150,150,107,150,150,150,150,150,151,150
mglcs_3_500_2_2.txt.out,143,143,91,115,103,145,145,143,106,115,98,98,98,98,104,98,98,98,98,98.0,98,98,98.0,98,98,98.0,98.0,98,92,92,91,92,92,92,91,92,91,98,98,98,98,98,104,98,98,98,91,92,91,92,92,92,92,92,92,97,98,98,98,97,98,98,98,98,92,92,91,92,91,92,92,92,92,91,92
mglcs_3_500_2_3.txt.out,120,121,120,120,139,121,133,143,139,120,120,120,120,120,120,120,120,120,120,120.0,120,120,120.0,120,120,120.0,120.0,120,120,120,120,120,120,120,120,120,120,120,120,120,120,120,124,120,120,120,121,120,120,120,120,121,120,120,119,120,120,120,120,120,120,120,120,120,120,120,120,120,120,120,120,120,120,120,121
mglcs_3_500_2_4.txt.out,158,175,148,163,138,160,160,138,137,160,137,122,128,137,137,139,126,137,125,125.0,127,128,140.0,140,128,140.0,128.0,126,145,136,145,145,145,146,145,145,145,138,116,99,140,137,137,140,126,128,145,145,146,145,145,145,145,154,146,127,138,138,116,138,140,137,138,138,145,145,145,146,145,145,136,145,136,148,146
mglcs_3_500_2_5.txt.out,95,95,94,95,119,95,95,117,117,95,95,94,93,93,95,94,95,94,94,95.0,94,95,95.0,95,95,95.0,94.0,70,94,94,94,94,94,94,94,95,94,95,95,71,95,94,95,94,95,95,94,94,94,94,94,94,94,94,94,94,94,89,94,94,95,94,95,94,94,94,94,95,94,94,94,94,94,94,94
mglcs_3_500_2_6.txt.out,106,106,106,106,117,105,105,105,99,105,105,106,99,100,105,106,105,99,97,94.0,94,99,105.0,105,92,105.0,106.0,94,105,105,105,105,105,105,105,105,104,104,106,100,94,97,105,100,105,105,105,105,100,105,105,105,105,105,104,105,104,99,105,106,97,100,104,92,105,105,105,100,105,105,105,105,105,106,105
mglcs_3_500_2_7.txt.out,146,151,94,135,132,145,145,132,132,145,128,132,128,128,128,128,132,128,128,128.0,128,128,132.0,128,128,128.0,128.0,128,99,99,99,99,99,99,99,99,99,128,128,128,128,132,128,128,128,128,99,99,99,99,99,99,99,99,99,128,128,128,128,128,128,128,128,128,99,99,99,99,99,99,99,99,99,94,99
mglcs_3_500_2_8.txt.out,89,102,50,97,132,103,103,127,132,103,94,72,77,90,66,68,78,87,94,132.0,75,83,67.0,132,90,86.0,90.0,83,50,50,50,50,50,50,50,50,50,125,97,60,68,83,84,132,132,67,50,50,50,50,50,50,50,50,50,76,78,76,86,84,94,87,70,83,50,50,50,50,50,50,50,50,50,50,50
mglcs_3_500_2_9.txt.out,174,185,166,175,196,214,214,182,191,193,166,160,174,180,187,166,166,178,166,179.0,179,161,180.0,174,179,185.0,166.0,180,69,69,69,69,69,69,69,69,69,179,164,151,160,180,182,166,188,179,69,69,69,69,69,69,69,69,69,150,175,157,166,183,166,167,166,165,69,69,156,69,69,69,69,69,69,166,69
mglcs_3_500_4_0.txt.out,239,237,236,236,213,221,234,206,202,227,185,222,209,176,206,209,210,194,203,,188,202,196.0,193,237,182.0,196.0,200,189,189,213,191,203,189,203,222,226,214,223,203,211,217,206,219,222,195,232,189,210,189,187,189,189,191,208,184,198,178,208,206,203,193,193,220,189,193,191,218,186,199,197,200,189,236,231
mglcs_3_500_4_1.txt.out,250,250,250,250,241,241,241,230,180,243,237,223,209,215,223,214,236,208,245,,235,231,229.0,214,238,236.0,233.0,235,241,242,241,239,243,241,242,243,243,231,219,192,219,221,230,232,212,215,243,242,241,242,241,243,241,239,211,167,233,181,193,232,221,231,216,199,242,242,242,246,242,242,242,241,242,250,244
mglcs_3_500_4_2.txt.out,199,198,198,198,197,198,202,213,197,197,188,159,194,151,210,162,194,202,155,,187,179,,152,179,186.0,,205,182,194,155,194,194,183,157,182,181,180,189,193,188,194,209,181,184,216,181,194,181,182,181,182,198,157,181,150,201,195,179,209,182,201,191,147,194,194,193,154,181,194,191,194,194,198,220
mglcs_3_500_4_3.txt.out,231,230,218,235,235,237,235,231,203,240,231,229,204,225,229,228,226,217,229,,217,228,,219,232,,,230,229,237,231,231,229,226,237,216,208,216,218,221,224,231,231,230,227,226,212,220,230,221,231,237,221,229,224,197,225,213,223,232,228,219,226,186,230,230,231,227,224,221,221,229,228,218,237
mglcs_3_500_4_4.txt.out,240,243,166,220,222,228,235,228,154,220,201,214,197,213,222,153,203,215,215,,147,227,,209,154,,,214,169,166,160,166,169,161,169,215,137,179,158,214,204,210,228,192,209,200,162,169,173,197,197,169,166,169,202,182,214,202,149,230,229,214,200,175,163,166,162,169,201,160,160,163,169,166,152
mglcs_3_500_4_5.txt.out,232,228,98,232,229,221,221,216,165,228,205,179,201,212,177,174,199,122,195,,148,184,179.0,175,163,,,179,100,91,101,99,100,100,99,101,101,99,181,149,216,191,210,209,169,215,101,100,101,100,101,99,100,101,101,158,204,188,229,203,167,213,203,142,100,99,100,101,100,100,100,100,100,98,101
mglcs_3_500_4_6.txt.out,169,174,110,145,160,175,175,211,126,175,158,157,152,154,160,139,155,155,143,,166,134,,142,147,,130.0,153,112,113,113,113,112,112,108,113,113,138,140,158,158,145,211,161,136,146,113,113,113,112,113,113,113,88,113,129,138,158,156,174,147,169,130,135,113,88,87,113,112,108,113,112,113,110,108
mglcs_3_500_4_7.txt.out,244,246,242,246,232,235,236,223,182,236,211,221,200,212,226,237,222,219,210,,218,216,232.0,243,217,,,221,227,223,235,212,230,221,223,219,231,201,238,222,216,227,216,209,215,216,235,223,224,209,219,235,212,209,224,177,219,201,232,227,226,226,225,222,222,221,224,218,234,223,223,212,222,242,229
mglcs_3_500_4_8.txt.out,249,250,249,249,227,230,243,206,184,224,204,193,179,187,202,207,207,198,219,,182,201,194.0,195,211,190.0,190.0,200,209,218,206,191,221,217,221,205,221,201,185,210,197,205,202,199,215,200,221,226,219,206,206,234,209,230,219,214,200,197,224,203,214,200,209,194,219,195,210,219,217,219,206,209,219,249,191
mglcs_3_500_4_9.txt.out,240,247,188,239,224,234,234,222,175,229,217,222,204,208,218,201,214,212,214,215.0,229,176,,209,232,180.0,,214,218,215,187,187,187,187,187,223,203,216,191,214,219,226,222,234,204,220,212,187,214,190,218,215,187,187,204,225,216,205,209,225,227,211,208,224,215,187,187,208,229,202,187,217,187,188,250
mglcs_3_50_2_0.txt.out,32,32,32,32,32,32,32,32,32,32,32,32,32,32,32,32,32,32,32,,32,32,32.0,32,32,32.0,32.0,32,32,32,32,32,32,32,32,32,32,32,32,32,32,32,32,32,32,32,32,32,32,32,32,32,32,32,32,32,32,32,32,32,32,32,32,32,32,32,32,32,32,32,32,32,32,32,32
mglcs_3_50_2_1.txt.out,32,32,32,32,32,32,32,32,32,32,32,32,32,32,32,32,32,32,32,32.0,32,32,32.0,32,32,32.0,32.0,32,32,32,32,32,32,32,32,32,32,32,32,32,32,32,32,32,32,32,32,32,32,32,32,32,32,32,32,32,32,32,32,32,32,32,32,32,32,32,32,32,32,32,32,32,32,32,32
mglcs_3_50_2_2.txt.out,36,36,36,36,36,36,36,36,36,36,36,36,36,36,36,36,36,36,36,36.0,36,36,36.0,36,36,36.0,36.0,36,36,36,36,36,36,36,36,36,36,36,36,36,36,36,36,36,36,36,36,36,36,36,36,36,36,36,36,36,36,36,36,36,36,36,36,36,36,36,36,36,36,36,36,36,36,36,36
mglcs_3_50_2_3.txt.out,25,25,25,25,25,25,25,25,25,25,25,25,25,25,25,25,25,25,25,25.0,25,25,25.0,25,25,25.0,25.0,25,25,25,25,25,25,25,25,25,25,25,25,25,25,25,25,25,25,25,25,25,25,25,25,25,25,25,25,25,25,25,25,25,25,25,25,25,25,25,25,25,25,25,25,25,25,25,25
mglcs_3_50_2_4.txt.out,33,33,33,33,33,33,33,33,33,33,33,33,33,33,33,33,33,33,33,33.0,33,33,33.0,33,33,33.0,33.0,33,33,33,33,33,33,33,33,33,33,33,33,33,33,33,33,33,33,33,33,33,33,33,33,33,33,33,33,33,33,33,33,33,33,33,33,33,33,33,33,33,33,33,33,33,33,33,33
mglcs_3_50_2_5.txt.out,31,31,31,31,31,31,31,31,31,31,31,31,31,31,31,31,31,31,31,31.0,31,31,31.0,31,31,31.0,31.0,31,31,31,31,31,31,31,31,31,31,31,31,31,31,31,31,31,31,31,31,31,31,31,31,31,31,31,31,31,31,31,31,31,31,31,31,31,31,31,31,31,31,31,31,31,31,31,31
mglcs_3_50_2_6.txt.out,33,33,33,33,33,33,33,33,33,33,33,33,33,33,33,33,33,33,33,33.0,33,33,33.0,33,33,33.0,33.0,33,33,33,33,33,33,33,33,33,33,33,33,33,33,33,33,33,33,33,33,33,33,33,33,33,33,33,33,33,33,33,33,33,33,33,33,33,33,33,33,33,33,33,33,33,33,33,33
mglcs_3_50_2_7.txt.out,32,32,32,32,32,32,32,32,32,32,32,32,32,32,32,32,32,32,32,32.0,32,32,32.0,32,32,32.0,32.0,32,32,32,32,32,32,32,32,32,32,32,32,32,32,32,32,32,32,32,32,32,32,32,32,32,32,32,32,32,32,32,32,32,32,32,32,32,32,32,32,32,32,32,32,32,32,32,32
mglcs_3_50_2_8.txt.out,30,30,30,30,30,30,30,30,30,30,30,30,30,30,30,30,30,30,30,30.0,30,30,30.0,30,30,30.0,30.0,30,30,30,30,30,30,30,30,30,30,30,30,30,30,30,30,30,30,30,30,30,30,30,30,30,30,30,30,30,30,30,30,30,30,30,30,30,30,30,30,30,30,30,30,30,30,30,30
mglcs_3_50_2_9.txt.out,28,28,28,28,28,28,28,28,28,28,28,28,28,28,28,28,28,28,28,28.0,28,28,28.0,28,28,28.0,28.0,28,28,28,28,28,28,28,28,28,28,28,28,28,28,28,28,28,28,28,28,28,28,28,28,28,28,28,28,28,28,28,28,28,28,28,28,28,28,28,28,28,28,28,28,28,28,28,28
mglcs_3_50_4_0.txt.out,23,23,23,23,23,23,23,23,23,23,23,23,23,23,23,23,23,23,23,23.0,23,23,23.0,23,23,23.0,23.0,23,23,23,23,23,23,23,23,23,23,23,23,23,23,23,23,23,23,23,23,23,23,23,23,23,23,23,23,23,23,23,23,23,23,23,23,23,23,23,23,23,23,23,23,23,23,23,23
mglcs_3_50_4_1.txt.out,24,24,24,24,24,24,24,24,24,24,24,24,24,24,24,24,24,24,24,24.0,24,24,24.0,24,24,24.0,24.0,24,24,24,24,24,24,24,24,24,24,24,24,24,24,24,24,24,24,24,24,24,24,24,24,24,24,24,24,24,24,24,24,24,24,24,24,24,24,24,24,24,24,24,24,24,24,24,24
mglcs_3_50_4_2.txt.out,21,21,21,21,21,21,21,21,21,21,21,21,21,21,21,21,21,21,21,21.0,21,21,21.0,21,21,21.0,21.0,21,21,21,21,21,21,21,21,21,21,21,21,21,21,21,21,21,21,21,21,21,21,21,21,21,21,21,21,21,21,21,21,21,21,21,21,21,21,21,21,21,21,21,21,21,21,21,21
mglcs_3_50_4_3.txt.out,23,23,23,23,23,23,23,23,23,23,23,23,23,23,23,23,23,23,23,23.0,23,23,23.0,23,23,23.0,23.0,23,23,23,23,23,23,23,23,23,23,23,23,23,23,23,23,23,23,23,23,23,23,23,23,23,23,23,23,23,23,23,23,23,23,23,23,23,23,23,23,23,23,23,23,23,23,23,23
mglcs_3_50_4_4.txt.out,22,22,22,22,22,22,22,22,22,22,22,22,22,22,22,22,22,22,22,22.0,22,22,22.0,22,22,22.0,22.0,22,22,22,22,22,22,22,22,22,22,22,22,22,22,22,22,22,22,22,22,22,22,22,22,22,22,22,22,22,22,22,22,22,21,22,22,22,22,22,22,22,22,22,22,22,22,22,22
mglcs_3_50_4_5.txt.out,23,23,23,23,23,23,23,23,23,23,23,23,23,23,23,23,23,23,23,23.0,23,23,23.0,23,23,23.0,23.0,23,23,23,23,23,23,23,23,23,23,23,23,23,23,23,23,23,23,23,23,23,23,23,23,23,23,23,23,23,23,23,23,23,23,23,23,23,23,23,23,23,23,23,23,23,23,23,23
mglcs_3_50_4_6.txt.out,25,25,25,25,25,25,25,25,25,25,25,25,25,25,25,25,25,25,25,25.0,25,25,25.0,25,25,25.0,25.0,25,25,25,25,25,25,25,25,25,25,25,25,25,25,25,25,25,25,25,25,25,25,25,25,25,25,25,25,25,25,25,25,25,25,25,25,25,25,25,25,25,25,25,25,25,25,25,25
mglcs_3_50_4_7.txt.out,21,21,21,21,21,21,21,21,21,21,21,21,21,21,21,21,21,21,21,21.0,21,21,21.0,21,21,21.0,21.0,21,21,21,21,21,21,21,21,21,21,21,21,21,21,21,21,21,21,21,21,21,21,21,21,21,21,21,21,21,21,21,21,21,21,21,21,21,21,21,21,21,21,21,21,21,21,21,21
mglcs_3_50_4_8.txt.out,24,24,24,24,24,24,24,24,24,24,24,24,24,24,24,24,24,24,24,24.0,24,24,24.0,24,24,24.0,24.0,24,24,24,24,24,24,24,24,24,24,24,24,24,24,24,24,24,24,24,24,24,24,24,24,24,24,24,24,24,24,24,24,24,24,24,24,24,24,24,24,24,24,24,24,24,24,24,24
mglcs_3_50_4_9.txt.out,23,23,23,23,23,23,23,23,23,23,23,23,23,23,23,23,23,23,23,23.0,23,23,23.0,23,23,23.0,23.0,23,23,23,23,23,23,23,23,23,23,23,23,23,23,23,23,23,23,23,23,23,23,23,23,23,23,23,23,23,23,23,23,23,23,23,23,23,23,23,23,23,23,23,23,23,23,23,23
mglcs_5_100_2_0.txt.out,26,26,20,26,27,27,27,26,28,27,26,24,23,23,23,23,23,21,24,24.0,24,24,26.0,25,23,25.0,24.0,26,20,20,20,20,20,20,20,20,18,25,26,25,22,25,24,25,26,25,20,20,18,20,20,18,20,20,20,23,24,26,23,27,25,26,24,26,20,20,20,20,20,20,20,18,20,20,18
mglcs_5_100_2_1.txt.out,45,45,40,45,47,45,45,46,47,45,40,40,40,43,43,40,40,40,45,45.0,40,40,40.0,40,40,46.0,40.0,46,40,40,40,40,40,40,40,40,40,47,40,45,40,46,40,46,40,40,40,40,40,40,40,40,40,40,40,40,45,40,45,40,40,40,46,40,40,40,40,40,40,40,40,40,40,40,40
mglcs_5_100_2_2.txt.out,32,32,21,32,35,32,32,35,35,32,33,31,28,27,31,29,27,28,33,27.0,28,31,26.0,31,29,29.0,31.0,31,21,21,21,21,21,21,21,21,21,35,31,35,22,34,35,35,28,31,21,21,21,21,21,21,21,21,21,35,28,31,31,35,34,33,35,35,21,21,21,21,21,21,21,21,21,21,21
mglcs_5_100_2_3.txt.out,35,35,15,35,35,35,35,32,30,35,32,30,30,29,30,30,29,29,29,30.0,30,27,30.0,31,29,28.0,30.0,30,15,15,15,15,15,15,15,15,15,30,31,30,31,35,30,29,30,31,15,15,15,15,15,15,15,15,15,30,29,30,30,30,30,30,30,30,15,15,15,15,15,15,15,15,15,15,15
mglcs_5_100_2_4.txt.out,23,23,23,23,23,23,23,23,23,23,22,23,23,23,23,22,23,22,22,22.0,23,23,22.0,23,23,23.0,23.0,23,23,23,23,23,23,23,23,23,23,23,22,23,23,23,23,23,22,23,23,23,23,23,23,23,23,23,23,23,23,23,23,22,23,23,23,20,23,23,23,23,23,23,23,23,23,23,23
mglcs_5_100_2_5.txt.out,33,33,30,33,33,33,33,33,33,33,33,32,32,33,32,32,33,33,33,33.0,33,32,33.0,33,33,32.0,32.0,32,30,30,30,30,30,30,30,30,30,33,33,33,33,33,32,33,33,32,30,30,30,30,30,30,30,30,30,32,33,33,33,33,33,33,33,32,30,30,30,30,30,30,30,30,30,30,30
mglcs_5_100_2_6.txt.out,25,25,20,25,25,25,25,25,20,25,25,17,19,21,19,19,20,21,18,19.0,20,19,17.0,25,19,24.0,20.0,20,20,20,20,20,20,20,20,20,20,20,18,21,17,21,20,25,18,20,20,20,20,20,20,20,20,20,20,25,19,19,22,18,24,19,18,20,20,20,20,20,20,20,20,20,20,20,20
mglcs_5_100_2_7.txt.out,21,21,18,21,19,21,21,19,22,21,18,18,18,18,18,18,18,18,18,18.0,18,19,18.0,19,19,18.0,18.0,18,18,18,18,18,18,18,18,18,18,18,19,18,19,18,18,18,18,18,18,18,18,18,18,18,18,18,18,18,18,18,19,19,18,19,19,19,18,18,18,18,18,18,18,18,18,18,18
mglcs_5_100_2_8.txt.out,24,24,15,24,30,24,24,27,28,24,19,25,25,25,25,26,30,25,25,28.0,25,24,26.0,27,25,26.0,25.0,25,15,15,15,15,15,15,15,15,15,24,25,25,25,25,20,26,26,25,15,15,15,15,15,15,15,15,15,22,25,28,26,25,25,28,25,25,15,15,15,15,15,15,15,15,15,15,15
mglcs_5_100_2_9.txt.out,33,33,21,33,40,33,33,37,37,33,32,33,33,33,35,26,29,33,35,33.0,32,33,33.0,32,33,29.0,33.0,36,21,21,21,21,21,21,21,21,21,36,37,32,32,33,27,33,36,36,21,21,21,21,21,21,21,21,21,30,29,33,32,33,37,33,32,33,21,21,21,21,21,21,21,21,21,21,21
mglcs_5_100_4_0.txt.out,22,22,20,22,29,22,22,29,29,22,25,17,20,17,20,17,21,25,26,21.0,26,26,28.0,20,21,20.0,25.0,23,20,20,20,20,20,20,20,20,20,22,21,22,22,26,20,22,18,17,20,20,20,20,20,20,20,20,20,19,26,20,17,25,21,29,23,19,20,20,20,20,20,20,20,20,20,20,20
mglcs_5_100_4_1.txt.out,17,17,13,17,20,17,17,23,24,17,17,17,21,19,20,19,24,19,17,22.0,19,18,17.0,18,17,20.0,18.0,21,13,13,13,13,13,13,13,13,13,19,18,19,18,19,20,20,21,17,13,13,13,13,13,13,13,13,13,17,17,17,20,22,17,22,20,20,13,13,13,13,13,13,13,13,13,13,13
mglcs_5_100_4_2.txt.out,18,18,14,18,20,18,18,20,19,18,17,19,16,18,14,18,19,18,17,20.0,19,18,18.0,20,16,19.0,19.0,15,14,14,14,14,14,14,14,14,14,19,17,17,19,17,14,15,19,18,14,14,14,14,14,14,14,14,14,19,15,19,19,18,19,15,19,16,14,14,14,14,14,14,14,14,14,14,14
mglcs_5_100_4_3.txt.out,27,27,27,27,26,27,27,27,27,27,20,26,27,20,27,20,20,19,20,27.0,27,27,24.0,27,20,27.0,20.0,27,27,27,27,27,27,27,27,27,27,22,26,19,20,20,27,27,27,20,27,27,27,27,27,27,27,27,27,20,27,27,24,27,22,27,21,27,27,27,27,27,27,27,27,27,27,27,27
mglcs_5_100_4_4.txt.out,21,21,21,21,21,21,21,21,21,21,18,19,18,21,19,18,19,18,18,19.0,18,18,21.0,19,18,18.0,18.0,18,21,21,21,21,21,21,21,21,21,18,18,19,18,18,21,18,18,19,21,21,21,21,21,21,21,21,21,18,21,19,19,21,20,19,19,18,21,21,21,21,21,21,21,21,21,21,21
mglcs_5_100_4_5.txt.out,27,27,26,27,28,27,27,28,28,27,27,27,25,26,28,28,26,26,26,28.0,23,28,26.0,28,26,27.0,28.0,28,26,26,26,26,26,26,26,26,26,26,28,27,26,28,26,28,28,27,26,26,26,26,26,26,26,26,26,28,28,28,27,28,26,26,26,25,26,26,26,26,26,26,26,26,26,26,26
mglcs_5_100_4_6.txt.out,35,35,24,35,31,35,35,31,35,35,31,27,31,26,27,27,28,27,27,27.0,28,27,27.0,31,31,28.0,27.0,28,24,24,24,24,24,24,24,24,24,26,28,27,27,27,31,25,31,31,24,24,24,24,24,24,24,24,24,31,28,31,28,27,27,27,27,27,24,24,24,24,24,24,24,24,24,24,24
mglcs_5_100_4_7.txt.out,28,28,25,28,26,25,25,27,28,25,22,22,22,27,25,23,23,22,23,23.0,29,23,23.0,22,24,23.0,22.0,21,25,25,25,25,25,25,25,25,25,23,22,24,22,23,23,24,24,22,25,25,25,25,25,25,25,25,25,25,23,23,23,23,23,23,25,23,25,25,25,25,25,25,25,25,25,25,25
mglcs_5_100_4_8.txt.out,35,35,35,35,30,35,35,35,35,35,30,31,29,33,30,30,31,30,35,31.0,29,31,35.0,29,29,30.0,32.0,30,35,35,35,35,35,35,35,35,35,32,31,30,32,35,35,35,31,32,35,35,35,35,35,35,35,35,35,31,30,29,29,35,30,32,32,32,35,35,35,35,35,35,35,35,35,35,35
mglcs_5_100_4_9.txt.out,25,25,16,25,24,25,25,26,25,25,24,25,26,23,25,26,24,23,24,23.0,22,24,24.0,26,28,25.0,25.0,23,16,16,16,16,16,16,16,16,16,23,25,25,25,23,23,24,22,28,16,16,16,16,16,16,16,16,16,26,24,25,24,25,25,25,23,27,16,16,16,16,16,16,16,16,16,16,16
mglcs_5_200_2_0.txt.out,31,31,21,31,38,31,31,39,39,31,31,31,32,37,37,31,34,39,30,31.0,36,37,32.0,28,39,32.0,37.0,34,21,21,23,23,23,21,23,21,23,34,30,30,31,32,39,28,32,34,23,23,23,21,21,23,21,21,23,38,39,38,31,37,32,30,28,39,21,23,23,23,21,21,23,21,23,21,23
mglcs_5_200_2_1.txt.out,27,27,27,27,36,27,27,37,29,27,27,27,27,32,27,27,31,27,28,27.0,27,27,27.0,28,27,27.0,27.0,27,27,27,27,27,27,27,27,27,27,27,27,27,27,27,31,27,27,27,27,27,27,27,27,27,27,27,27,31,27,27,27,31,27,27,27,31,27,27,27,27,27,27,27,27,27,27,27
mglcs_5_200_2_2.txt.out,24,24,21,24,37,24,24,37,41,24,35,31,32,21,25,32,32,32,32,32.0,21,33,32.0,33,33,35.0,31.0,35,21,21,21,21,21,21,21,21,21,21,38,24,23,35,21,32,32,32,21,21,21,21,21,21,21,21,21,23,33,32,32,30,37,32,33,21,21,21,21,21,21,21,21,21,21,21,21
mglcs_5_200_2_3.txt.out,33,33,33,33,38,33,33,38,43,33,32,38,38,38,33,38,32,38,32,32.0,38,33,32.0,33,33,32.0,38.0,32,33,33,33,33,33,33,33,33,33,38,38,32,33,38,38,38,32,38,33,33,33,33,33,33,33,33,33,38,33,32,33,38,38,38,32,38,33,33,33,33,33,33,33,33,33,33,33
mglcs_5_200_2_4.txt.out,37,37,28,37,36,37,37,35,37,37,28,24,37,30,25,33,27,29,30,30.0,28,25,29.0,28,24,29.0,29.0,30,28,28,28,28,28,28,28,28,28,30,24,33,30,29,30,26,25,30,28,28,28,28,28,28,28,28,28,23,25,30,28,24,30,30,24,28,28,28,28,28,28,28,28,28,28,28,28
mglcs_5_200_2_5.txt.out,25,25,20,25,26,25,25,25,29,25,25,24,22,25,25,23,23,25,22,23.0,24,23,23.0,25,21,25.0,22.0,22,20,20,20,20,20,20,20,20,20,22,22,22,23,25,23,22,22,23,20,20,20,20,20,20,20,20,20,25,21,22,22,23,22,25,23,25,20,20,20,20,20,20,20,20,20,20,20
mglcs_5_200_2_6.txt.out,39,39,32,39,46,39,39,46,42,39,32,32,32,39,39,39,46,39,32,46.0,35,35,43.0,32,32,29.0,32.0,32,32,32,32,32,32,32,32,32,32,31,39,32,39,46,32,32,29,36,32,32,32,32,32,32,32,32,32,39,39,32,39,30,31,46,32,32,32,32,32,32,32,32,32,32,32,32,32
mglcs_5_200_2_7.txt.out,30,30,30,30,47,41,41,47,48,41,38,36,42,31,42,38,39,31,34,33.0,36,37,30.0,36,36,41.0,36.0,36,30,30,30,30,30,30,30,30,30,36,31,33,33,35,42,31,41,29,30,30,30,30,30,30,30,30,30,31,33,32,42,45,36,37,31,31,30,30,30,30,30,30,30,30,30,30,30
mglcs_5_200_2_8.txt.out,50,50,23,50,49,49,49,49,49,49,48,43,49,49,49,49,49,49,49,48.0,28,49,41.0,48,49,46.0,49.0,48,23,23,23,23,23,23,23,23,23,46,48,49,49,46,49,48,48,48,23,23,23,23,23,23,23,23,23,46,49,44,49,48,49,49,47,48,23,23,23,23,23,23,23,23,23,23,23
mglcs_5_200_2_9.txt.out,35,35,29,35,38,35,35,38,39,35,29,38,31,35,31,31,31,31,28,29.0,31,26,28.0,26,29,29.0,35.0,36,29,29,29,29,29,29,29,29,29,31,31,35,32,31,35,31,31,35,29,29,29,29,29,29,29,29,29,31,29,32,36,32,35,35,31,32,29,29,29,29,29,29,29,29,29,29,29
mglcs_5_200_4_0.txt.out,62,62,16,62,51,62,62,54,51,62,49,49,50,50,51,46,50,50,49,49.0,52,51,50.0,50,50,50.0,54.0,44,55,49,16,49,49,49,49,55,55,50,47,50,50,47,53,55,49,41,55,55,16,49,16,49,49,16,49,50,54,48,51,51,50,48,49,44,16,49,55,16,55,16,55,55,16,16,16
mglcs_5_200_4_1.txt.out,15,15,15,15,20,15,15,23,26,15,14,14,14,21,17,15,15,17,14,15.0,15,15,19.0,19,20,18.0,15.0,14,15,15,15,15,15,15,15,15,15,17,19,15,16,14,16,16,15,15,15,15,15,15,15,15,15,15,15,15,15,19,16,17,18,18,16,15,15,15,15,15,15,15,15,15,15,15,15
mglcs_5_200_4_2.txt.out,37,37,30,37,31,37,37,31,34,37,28,28,29,28,28,31,31,41,31,28.0,28,43,27.0,28,28,26.0,31.0,31,30,30,30,30,30,30,30,30,30,31,28,28,28,31,31,28,28,28,30,30,30,30,30,30,30,30,30,28,28,28,37,29,31,28,28,30,30,30,30,30,30,30,30,30,30,30,30
mglcs_5_200_4_3.txt.out,26,26,23,26,33,26,26,29,33,26,33,30,25,23,23,28,21,23,25,26.0,29,27,31.0,28,25,23.0,26.0,29,23,23,23,23,23,23,23,23,23,29,23,33,24,29,29,22,28,31,23,23,23,23,23,23,23,23,23,33,23,24,26,29,30,30,25,22,23,23,23,23,23,23,23,23,23,23,23
mglcs_5_200_4_4.txt.out,28,28,25,28,31,28,28,29,32,28,25,27,25,26,25,27,26,26,26,25.0,24,29,25.0,27,24,25.0,23.0,28,25,25,25,25,25,25,25,25,25,25,27,23,32,25,24,27,25,23,25,25,25,25,25,25,25,25,25,25,23,26,25,21,25,25,25,25,25,25,25,25,25,25,25,25,25,25,25
mglcs_5_200_4_5.txt.out,34,34,30,34,45,34,34,48,45,34,41,35,34,36,33,34,40,31,31,31.0,31,22,34.0,31,30,30.0,34.0,32,30,30,30,30,30,30,30,30,30,37,42,34,34,31,31,41,34,34,30,30,30,30,30,30,30,30,30,37,39,32,32,32,33,34,32,29,30,30,30,30,30,30,30,30,30,30,30
mglcs_5_200_4_6.txt.out,45,45,34,45,38,45,45,45,39,45,45,45,31,45,45,45,35,35,45,36.0,34,34,45.0,35,45,35.0,38.0,39,34,34,34,34,34,34,34,34,34,45,38,45,39,34,45,35,45,38,34,34,34,34,34,34,34,34,34,36,45,35,45,36,35,45,35,45,34,34,34,34,34,34,34,34,34,34,34
mglcs_5_200_4_7.txt.out,24,24,24,24,30,24,24,33,29,24,24,29,28,28,29,28,32,29,24,24.0,29,28,26.0,29,28,27.0,29.0,29,24,24,24,24,24,24,24,24,24,29,29,27,24,24,29,26,27,29,24,24,24,24,24,24,24,24,24,29,24,28,27,24,27,29,28,29,24,24,24,24,24,24,24,24,24,24,24
mglcs_5_200_4_8.txt.out,31,31,31,31,31,31,31,31,31,31,31,31,27,31,31,31,32,31,31,31.0,30,31,31.0,27,27,27.0,27.0,29,31,31,31,31,31,31,31,31,31,31,31,31,31,31,31,32,27,27,31,31,31,31,31,31,31,31,31,32,27,31,27,27,31,31,31,26,31,31,31,31,31,31,31,31,31,31,31
mglcs_5_200_4_9.txt.out,30,30,29,30,31,30,30,32,43,30,30,29,31,29,30,32,30,29,30,36.0,29,30,30.0,30,29,30.0,30.0,33,29,29,29,29,29,29,29,29,29,29,30,29,30,29,32,29,31,32,29,29,29,29,29,29,29,29,29,30,30,30,29,30,29,30,30,29,29,29,29,29,29,29,29,29,29,29,29
mglcs_5_500_2_0.txt.out,53,53,49,53,52,53,53,52,52,53,53,43,53,53,44,44,53,53,44,53.0,53,53,49.0,43,43,53.0,49.0,53,49,49,49,49,49,49,49,49,49,46,52,41,53,53,49,43,53,56,49,49,49,49,49,49,49,49,49,46,53,53,46,46,45,43,51,41,49,49,49,49,49,49,49,49,49,49,49
mglcs_5_500_2_1.txt.out,28,28,28,28,48,28,28,48,51,28,44,40,48,37,45,45,30,47,31,48.0,51,48,48.0,35,34,48.0,48.0,45,28,28,28,28,28,28,28,28,28,48,45,33,46,48,48,46,48,46,28,28,28,28,28,28,28,28,28,46,49,48,51,46,48,48,46,46,28,28,28,28,28,28,28,28,28,28,28
mglcs_5_500_2_2.txt.out,25,25,22,25,25,25,25,29,31,25,25,20,25,22,24,20,21,24,21,20.0,24,25,20.0,20,25,20.0,24.0,24,22,22,22,22,22,22,22,22,22,25,24,24,25,24,25,25,25,24,22,22,22,22,22,22,22,22,22,25,21,21,25,24,24,24,21,21,22,22,22,22,22,22,22,22,22,22,22
mglcs_5_500_2_3.txt.out,24,24,23,24,29,24,24,29,29,24,25,28,25,23,29,25,25,25,26,23.0,25,25,23.0,28,25,25.0,22.0,25,23,23,23,23,23,23,23,23,23,23,23,25,25,21,23,29,25,23,23,23,23,23,23,23,23,23,23,29,25,29,25,20,25,25,24,25,23,23,23,23,23,23,23,23,23,23,23
mglcs_5_500_2_4.txt.out,21,21,16,21,48,21,21,38,42,21,23,19,19,21,23,19,20,30,20,21.0,17,20,17.0,17,19,17.0,17.0,20,16,16,16,16,16,16,16,16,16,16,20,19,17,26,19,29,29,16,16,16,16,16,16,16,16,16,16,19,29,21,18,19,25,30,27,16,16,16,16,16,16,16,16,16,16,16,16
mglcs_5_500_2_5.txt.out,38,38,32,38,38,38,38,38,38,38,38,38,38,38,38,38,38,38,37,38.0,37,38,38.0,38,38,37.0,37.0,38,32,32,32,32,32,32,32,32,32,38,38,38,38,38,37,37,38,38,32,32,32,32,32,32,32,32,32,37,38,37,38,38,32,32,38,37,32,32,32,32,32,32,32,32,32,32,32
mglcs_5_500_2_6.txt.out,26,26,26,26,26,26,26,30,26,26,23,26,26,26,26,24,26,26,26,24.0,26,24,23.0,24,26,26.0,26.0,24,26,26,26,26,26,26,26,26,26,23,26,26,26,26,30,26,26,26,26,26,26,26,26,26,26,26,26,24,26,23,26,26,26,23,24,26,26,26,26,26,26,26,26,26,26,26,26
mglcs_5_500_2_7.txt.out,34,34,34,34,36,34,34,36,40,34,29,29,29,29,32,34,30,29,34,32.0,29,29,29.0,34,34,35.0,29.0,29,34,34,34,34,34,34,34,34,34,29,29,34,34,29,35,30,29,29,34,34,34,34,34,34,34,34,34,32,29,32,29,29,34,32,34,30,34,34,34,34,34,34,34,34,34,34,34
mglcs_5_500_2_8.txt.out,25,25,25,25,39,25,25,39,27,25,25,25,25,26,26,25,26,26,26,26.0,25,25,26.0,26,25,25.0,25.0,26,25,25,25,25,25,25,25,25,25,26,26,26,26,26,26,25,26,26,25,25,25,25,25,25,25,25,25,25,26,39,26,25,25,26,26,26,25,25,25,25,25,25,25,25,25,25,25
mglcs_5_500_2_9.txt.out,24,24,24,24,26,24,24,26,32,24,24,24,24,24,24,24,24,24,24,24.0,24,24,24.0,24,24,24.0,24.0,24,24,24,24,24,24,24,24,24,24,24,24,24,24,24,24,24,24,24,24,24,24,24,24,24,24,24,24,24,24,24,24,24,24,24,24,24,24,24,24,24,24,24,24,24,24,24,24
mglcs_5_500_4_0.txt.out,30,30,19,30,37,19,19,40,37,19,33,33,30,37,31,32,35,33,34,35.0,33,35,37.0,37,35,35.0,36.0,37,19,19,19,19,19,19,19,19,19,35,35,37,37,37,34,34,36,33,19,19,19,19,19,19,19,19,19,37,35,34,33,37,37,33,37,33,19,19,19,19,19,19,19,19,19,19,19
mglcs_5_500_4_1.txt.out,42,42,42,42,42,42,42,46,46,42,39,41,42,38,38,41,42,42,42,40.0,40,40,41.0,37,39,41.0,41.0,42,42,40,40,40,42,40,40,40,40,42,41,37,40,41,38,41,37,32,40,40,40,42,40,42,42,42,40,42,40,41,42,37,40,42,37,36,40,40,40,40,40,40,40,42,40,42,42
mglcs_5_500_4_2.txt.out,43,43,20,43,37,43,43,37,37,43,34,36,37,37,33,33,33,32,37,33.0,32,33,33.0,33,34,38.0,32.0,33,20,20,20,20,20,20,20,20,20,32,34,31,33,34,31,37,33,33,20,20,20,20,20,20,20,20,20,34,32,33,33,35,35,34,37,37,20,20,20,20,20,20,20,20,20,20,20
mglcs_5_500_4_3.txt.out,25,25,17,25,50,25,25,57,52,25,48,30,32,30,30,33,31,24,33,29.0,43,46,28.0,30,28,31.0,29.0,30,17,17,17,17,17,17,17,17,17,32,34,29,31,38,32,28,26,24,17,17,17,17,17,17,17,17,17,27,32,32,29,38,37,25,32,24,17,17,17,17,17,17,17,17,17,17,17
mglcs_5_500_4_4.txt.out,23,23,16,23,30,23,23,35,28,23,26,26,26,24,23,28,26,26,23,22.0,26,28,26.0,26,26,26.0,23.0,23,16,16,16,16,16,16,16,16,16,29,26,26,23,28,26,23,23,23,16,16,16,16,16,16,16,16,16,26,26,26,26,21,26,26,26,22,16,16,16,16,16,16,16,16,16,16,16
mglcs_5_500_4_5.txt.out,31,31,31,31,57,31,31,51,38,31,31,27,31,31,31,25,70,28,26,71.0,48,36,30.0,31,31,34.0,28.0,33,31,31,31,31,31,31,31,31,31,31,31,31,31,26,26,31,33,26,31,31,31,31,31,31,31,31,31,27,31,27,70,36,27,27,26,27,31,31,31,31,31,31,31,31,31,31,31
mglcs_5_500_4_6.txt.out,26,26,26,26,54,26,26,48,46,26,36,31,28,33,36,30,46,36,47,27.0,33,26,47.0,27,30,31.0,32.0,33,26,26,26,26,26,26,26,26,26,26,41,28,31,31,32,54,28,31,26,26,26,26,26,26,26,26,26,41,36,54,31,42,41,54,46,43,26,26,26,26,26,26,26,26,26,26,26
mglcs_5_500_4_7.txt.out,41,41,35,41,46,41,41,46,49,41,34,37,35,37,41,41,37,39,34,37.0,41,43,41.0,33,49,41.0,34.0,41,35,35,35,35,35,35,35,35,35,37,37,37,37,40,41,41,37,40,35,35,35,35,35,35,35,35,35,42,41,41,38,30,41,41,38,46,35,35,35,35,35,35,35,35,35,35,35
mglcs_5_500_4_8.txt.out,31,31,30,31,32,31,31,37,32,31,30,28,30,30,28,28,33,30,27,33.0,31,33,37.0,37,32,28.0,28.0,29,30,30,30,30,30,30,30,30,30,27,33,33,33,27,30,37,28,28,30,30,30,30,30,30,30,30,30,34,32,27,27,30,33,30,29,30,30,30,30,30,30,30,30,30,30,30,30
mglcs_5_500_4_9.txt.out,36,36,35,36,59,36,36,55,54,36,54,38,46,40,40,61,52,46,44,49.0,44,43,42.0,43,40,54.0,68.0,44,35,35,35,35,35,35,35,35,35,60,40,40,57,63,55,45,45,48,35,35,35,35,35,35,35,35,35,47,58,44,40,48,42,40,54,37,35,35,35,35,35,35,35,35,35,35,35
mglcs_5_50_2_0.txt.out,28,28,28,28,28,28,28,28,28,28,28,28,28,28,28,28,28,28,28,28.0,28,28,28.0,28,28,28.0,28.0,28,28,28,28,28,28,28,28,28,28,28,28,28,28,28,28,28,28,28,28,28,28,28,28,28,28,28,28,28,28,28,28,28,28,28,28,28,28,28,28,28,28,28,28,28,28,28,28
mglcs_5_50_2_1.txt.out,24,24,24,24,24,24,24,24,24,24,24,24,24,24,24,24,24,24,24,24.0,24,24,24.0,24,24,24.0,24.0,24,24,24,24,24,24,24,24,24,24,24,24,24,24,24,24,24,24,24,24,24,24,24,24,24,24,24,24,24,24,24,24,24,24,24,24,24,24,24,24,24,24,24,24,24,24,24,24
mglcs_5_50_2_2.txt.out,19,19,19,19,19,19,19,19,19,19,19,19,19,19,19,19,19,19,19,19.0,19,19,19.0,19,19,19.0,19.0,19,19,19,19,19,19,19,19,19,19,19,19,19,19,19,19,19,19,19,19,19,19,19,19,19,19,19,19,19,19,19,19,19,19,19,19,19,19,19,19,19,19,19,19,19,19,19,19
mglcs_5_50_2_3.txt.out,17,17,15,17,17,17,17,17,17,17,17,17,17,17,17,17,17,17,17,17.0,17,17,17.0,17,17,17.0,17.0,17,15,15,15,15,15,15,15,15,15,17,17,17,17,17,17,17,17,17,15,15,15,15,15,15,15,15,15,17,17,17,17,17,17,17,17,17,15,15,15,15,15,15,15,15,15,15,15
mglcs_5_50_2_4.txt.out,24,24,24,24,24,24,24,24,24,24,24,24,24,24,24,24,24,24,24,24.0,24,24,24.0,24,24,24.0,24.0,24,24,24,24,24,24,24,24,24,24,24,24,24,24,24,24,24,24,24,24,24,24,24,24,24,24,24,24,24,24,24,24,24,24,24,24,24,24,24,24,24,24,24,24,24,24,24,24
mglcs_5_50_2_5.txt.out,17,17,17,17,17,17,17,17,17,17,17,17,17,17,17,17,17,17,17,17.0,17,17,17.0,17,17,17.0,17.0,17,17,17,17,17,17,17,17,17,17,17,17,17,17,17,17,17,17,17,17,17,17,17,17,17,17,17,17,17,17,17,17,17,17,17,17,17,17,17,17,17,17,17,17,17,17,17,17
mglcs_5_50_2_6.txt.out,16,16,16,16,16,16,16,16,16,16,16,16,16,16,16,16,16,16,16,16.0,16,16,16.0,16,16,16.0,16.0,16,16,16,16,16,16,16,16,16,16,16,16,16,16,16,16,16,16,16,16,16,16,16,16,16,16,16,16,16,16,16,16,16,16,16,16,16,16,16,16,16,16,16,16,16,16,16,16
mglcs_5_50_2_7.txt.out,20,20,20,20,20,20,20,20,20,20,20,20,20,20,20,20,20,20,20,20.0,20,20,20.0,20,20,20.0,20.0,20,20,20,20,20,20,20,20,20,20,20,20,20,20,20,20,20,20,20,20,20,20,20,20,20,20,20,20,20,20,20,20,20,20,20,20,20,20,20,20,20,20,20,20,20,20,20,20
mglcs_5_50_2_8.txt.out,23,23,20,23,23,23,23,23,23,23,23,23,23,23,23,23,23,23,23,23.0,23,23,23.0,23,23,23.0,23.0,23,21,20,20,21,20,20,20,20,20,23,23,23,22,23,23,22,23,23,20,20,21,20,21,20,20,20,20,23,23,22,23,23,23,22,23,23,20,20,20,20,21,20,20,21,20,20,20
mglcs_5_50_2_9.txt.out,17,17,17,17,17,17,17,17,17,17,17,17,17,17,17,17,17,17,17,17.0,17,17,17.0,17,17,17.0,17.0,17,17,17,17,17,17,17,17,17,17,17,17,17,17,17,17,17,17,17,17,17,17,17,17,17,17,17,17,17,17,17,17,17,17,17,17,17,17,17,17,17,17,17,17,17,17,17,17
mglcs_5_50_4_0.txt.out,16,16,16,16,16,16,16,16,16,16,16,16,16,16,16,16,16,16,16,16.0,16,16,16.0,16,16,16.0,16.0,16,16,16,16,16,16,16,16,16,16,16,16,16,16,16,16,16,16,16,16,16,16,16,16,16,16,16,16,16,16,16,16,16,16,16,16,16,16,16,16,16,16,16,16,16,16,16,16
mglcs_5_50_4_1.txt.out,15,15,15,15,15,15,15,15,15,15,15,15,15,15,15,15,15,15,15,15.0,15,15,15.0,15,15,15.0,15.0,15,15,15,15,15,15,15,15,15,15,15,15,15,15,15,15,15,15,15,15,15,15,15,15,15,15,15,15,15,15,15,15,15,15,15,15,15,15,15,15,15,15,15,15,15,15,15,15
mglcs_5_50_4_2.txt.out,16,16,16,16,16,16,16,16,16,16,16,16,16,16,16,16,16,16,16,16.0,16,16,16.0,16,16,16.0,16.0,16,16,16,16,16,16,16,16,16,16,16,16,16,16,16,16,16,16,16,16,16,16,16,16,16,16,16,16,16,16,16,16,16,16,16,16,16,16,16,16,16,16,16,16,16,16,16,16
mglcs_5_50_4_3.txt.out,17,17,17,17,17,17,17,17,17,17,17,17,17,17,17,17,17,17,17,17.0,17,17,17.0,17,17,17.0,17.0,17,17,17,17,17,17,17,17,17,17,17,17,17,17,17,17,17,17,17,17,17,17,17,17,17,17,17,17,17,17,17,17,17,17,17,17,17,17,17,17,17,17,17,17,17,17,17,17
mglcs_5_50_4_4.txt.out,19,19,19,19,19,19,19,19,19,19,19,19,19,19,19,19,19,19,19,19.0,19,19,19.0,19,19,18.0,19.0,19,19,19,19,19,19,19,19,19,19,19,19,18,19,19,19,19,19,18,19,19,19,19,19,19,19,19,19,19,19,19,19,19,19,19,19,19,19,19,19,19,19,19,19,19,19,19,19
mglcs_5_50_4_5.txt.out,12,12,12,12,12,12,12,12,12,12,12,12,12,12,11,12,11,12,12,12.0,11,12,12.0,12,12,12.0,12.0,11,12,12,12,12,12,12,12,12,12,12,11,12,12,11,12,12,12,12,12,12,12,12,12,12,12,12,12,12,12,12,12,11,12,12,12,12,12,12,12,12,12,12,12,12,12,12,12
mglcs_5_50_4_6.txt.out,14,14,14,14,14,14,14,14,14,14,13,14,13,14,14,14,13,13,13,14.0,14,13,14.0,13,13,13.0,13.0,13,14,14,14,14,14,14,14,14,14,13,14,13,13,13,14,13,13,13,14,14,14,14,14,14,14,14,14,14,14,14,14,13,13,14,13,14,14,14,14,14,14,14,14,14,14,14,14
mglcs_5_50_4_7.txt.out,13,13,13,13,13,13,13,13,13,13,13,13,13,13,13,13,13,13,13,13.0,13,13,13.0,13,13,13.0,13.0,13,13,13,13,13,13,13,13,13,13,13,13,13,13,13,13,13,13,13,13,13,13,13,13,13,13,13,13,13,13,13,13,13,13,13,13,13,13,13,13,13,13,13,13,13,13,13,13
mglcs_5_50_4_8.txt.out,11,11,11,11,11,11,11,11,11,11,11,11,11,11,11,11,11,11,11,11.0,11,11,11.0,11,11,11.0,11.0,11,11,11,11,11,11,11,11,11,11,11,11,11,11,11,11,11,11,11,11,11,11,11,11,11,11,11,11,11,11,11,11,11,11,11,11,11,11,11,11,11,11,11,11,11,11,11,11
mglcs_5_50_4_9.txt.out,20,20,20,20,20,20,20,20,20,20,20,20,20,20,19,19,20,20,20,20.0,19,20,20.0,20,20,20.0,20.0,20,20,20,20,20,20,20,20,20,20,20,20,20,20,20,20,19,20,20,20,20,20,20,20,20,20,20,20,20,20,20,20,20,20,20,20,19,20,20,20,20,20,20,20,20,20,20,20
